0.000000 0.000000 0.000000 0.000000
0.076923 0.000000 0.000000 0.000000
0.153846 0.000000 0.000000 0.000000
0.230769 0.000000 0.000000 0.000000
0.307692 0.000000 0.000000 0.000000
0.000000 0.111111 0.000000 0.000000
0.076923 0.111111 0.000000 0.000000
0.153846 0.111111 0.000000 0.000000
0.230769 0.111111 0.000000 0.000000
0.307692 0.111111 0.000000 0.000000
0.000000 0.222222 0.000000 0.000000
0.076923 0.222222 0.000000 0.000000
0.153846 0.222222 0.000000 0.000000
0.230769 0.222222 0.000000 0.000000
0.307692 0.222222 0.000000 0.000000
0.000000 0.333333 0.000000 0.000000
0.076923 0.333333 0.000000 0.000000
0.153846 0.333333 0.000000 0.000000
0.230769 0.333333 0.000000 0.000000
0.307692 0.333333 0.000000 0.000000
0.000000 0.444444 0.000000 0.000000
0.076923 0.444444 0.000000 0.000000
0.153846 0.444444 0.000000 0.000000
0.230769 0.444444 0.000000 0.000000
0.307692 0.444444 0.000000 0.000000
0.000000 0.555556 0.000000 0.000000
0.076923 0.555556 0.000000 0.000000
0.153846 0.555556 0.000000 0.000000
0.230769 0.555556 0.000000 0.000000
0.307692 0.555556 0.000000 0.000000
0.000000 0.666667 0.000000 0.000000
0.076923 0.666667 0.000000 0.000000
0.153846 0.666667 0.000000 0.000000
0.230769 0.666667 0.000000 0.000000
0.307692 0.666667 0.000000 0.000000
0.000000 0.777778 0.000000 0.000000
0.076923 0.777778 0.000000 0.000000
0.153846 0.777778 0.000000 0.000000
0.230769 0.777778 0.000000 0.000000
0.307692 0.777778 0.000000 0.000000
0.000000 0.888889 0.000000 0.000000
0.076923 0.888889 0.000000 0.000000
0.153846 0.888889 0.000000 0.000000
0.230769 0.888889 0.000000 0.000000
0.307692 0.888889 0.000000 0.000000
0.000000 1.000000 0.000000 0.000000
0.076923 1.000000 0.000000 0.000000
0.153846 1.000000 0.000000 0.000000
0.230769 1.000000 0.000000 0.000000
0.307692 1.000000 0.000000 0.000000
0.000000 0.000000 0.111111 0.000000
0.076923 0.000000 0.111111 0.000000
0.153846 0.000000 0.111111 0.000000
0.230769 0.000000 0.111111 0.000000
0.307692 0.000000 0.111111 0.000000
0.000000 0.111111 0.111111 0.000000
0.076923 0.111111 0.111111 0.027793
0.153846 0.111111 0.111111 0.053971
0.230769 0.111111 0.111111 0.077013
0.307692 0.111111 0.111111 0.095578
0.000000 0.222222 0.111111 0.000000
0.076923 0.222222 0.111111 0.052234
0.153846 0.222222 0.111111 0.101433
0.230769 0.222222 0.111111 0.144737
0.307692 0.222222 0.111111 0.179629
0.000000 0.333333 0.111111 0.000000
0.076923 0.333333 0.111111 0.070375
0.153846 0.333333 0.111111 0.136660
0.230769 0.333333 0.111111 0.195003
0.307692 0.333333 0.111111 0.242013
0.000000 0.444444 0.111111 0.000000
0.076923 0.444444 0.111111 0.080028
0.153846 0.444444 0.111111 0.155404
0.230769 0.444444 0.111111 0.221749
0.307692 0.444444 0.111111 0.275207
0.000000 0.555556 0.111111 0.000000
0.076923 0.555556 0.111111 0.080028
0.153846 0.555556 0.111111 0.155404
0.230769 0.555556 0.111111 0.221749
0.307692 0.555556 0.111111 0.275207
0.000000 0.666667 0.111111 0.000000
0.076923 0.666667 0.111111 0.070375
0.153846 0.666667 0.111111 0.136660
0.230769 0.666667 0.111111 0.195003
0.307692 0.666667 0.111111 0.242013
0.000000 0.777778 0.111111 0.000000
0.076923 0.777778 0.111111 0.052234
0.153846 0.777778 0.111111 0.101433
0.230769 0.777778 0.111111 0.144737
0.307692 0.777778 0.111111 0.179629
0.000000 0.888889 0.111111 0.000000
0.076923 0.888889 0.111111 0.027793
0.153846 0.888889 0.111111 0.053971
0.230769 0.888889 0.111111 0.077013
0.307692 0.888889 0.111111 0.095578
0.000000 1.000000 0.111111 0.000000
0.076923 1.000000 0.111111 0.000000
0.153846 1.000000 0.111111 0.000000
0.230769 1.000000 0.111111 0.000000
0.307692 1.000000 0.111111 0.000000
0.000000 0.000000 0.222222 0.000000
0.076923 0.000000 0.222222 0.000000
0.153846 0.000000 0.222222 0.000000
0.230769 0.000000 0.222222 0.000000
0.307692 0.000000 0.222222 0.000000
0.000000 0.111111 0.222222 0.000000
0.076923 0.111111 0.222222 0.052234
0.153846 0.111111 0.222222 0.101433
0.230769 0.111111 0.222222 0.144737
0.307692 0.111111 0.222222 0.179629
0.000000 0.222222 0.222222 0.000000
0.076923 0.222222 0.222222 0.098168
0.153846 0.222222 0.222222 0.190631
0.230769 0.222222 0.222222 0.272016
0.307692 0.222222 0.222222 0.337592
0.000000 0.333333 0.222222 0.000000
0.076923 0.333333 0.222222 0.132262
0.153846 0.333333 0.222222 0.256837
0.230769 0.333333 0.222222 0.366486
0.307692 0.333333 0.222222 0.454836
0.000000 0.444444 0.222222 0.000000
0.076923 0.444444 0.222222 0.150403
0.153846 0.444444 0.222222 0.292064
0.230769 0.444444 0.222222 0.416752
0.307692 0.444444 0.222222 0.517220
0.000000 0.555556 0.222222 0.000000
0.076923 0.555556 0.222222 0.150403
0.153846 0.555556 0.222222 0.292064
0.230769 0.555556 0.222222 0.416752
0.307692 0.555556 0.222222 0.517220
0.000000 0.666667 0.222222 0.000000
0.076923 0.666667 0.222222 0.132262
0.153846 0.666667 0.222222 0.256837
0.230769 0.666667 0.222222 0.366486
0.307692 0.666667 0.222222 0.454836
0.000000 0.777778 0.222222 0.000000
0.076923 0.777778 0.222222 0.098168
0.153846 0.777778 0.222222 0.190631
0.230769 0.777778 0.222222 0.272016
0.307692 0.777778 0.222222 0.337592
0.000000 0.888889 0.222222 0.000000
0.076923 0.888889 0.222222 0.052234
0.153846 0.888889 0.222222 0.101433
0.230769 0.888889 0.222222 0.144737
0.307692 0.888889 0.222222 0.179629
0.000000 1.000000 0.222222 0.000000
0.076923 1.000000 0.222222 0.000000
0.153846 1.000000 0.222222 0.000000
0.230769 1.000000 0.222222 0.000000
0.307692 1.000000 0.222222 0.000000
0.000000 0.000000 0.333333 0.000000
0.076923 0.000000 0.333333 0.000000
0.153846 0.000000 0.333333 0.000000
0.230769 0.000000 0.333333 0.000000
0.307692 0.000000 0.333333 0.000000
0.000000 0.111111 0.333333 0.000000
0.076923 0.111111 0.333333 0.070375
0.153846 0.111111 0.333333 0.136660
0.230769 0.111111 0.333333 0.195003
0.307692 0.111111 0.333333 0.242013
0.000000 0.222222 0.333333 0.000000
0.076923 0.222222 0.333333 0.132262
0.153846 0.222222 0.333333 0.256837
0.230769 0.222222 0.333333 0.366486
0.307692 0.222222 0.333333 0.454836
0.000000 0.333333 0.333333 0.000000
0.076923 0.333333 0.333333 0.178196
0.153846 0.333333 0.333333 0.346036
0.230769 0.333333 0.333333 0.493765
0.307692 0.333333 0.333333 0.612799
0.000000 0.444444 0.333333 0.000000
0.076923 0.444444 0.333333 0.202637
0.153846 0.444444 0.333333 0.393497
0.230769 0.444444 0.333333 0.561489
0.307692 0.444444 0.333333 0.696849
0.000000 0.555556 0.333333 0.000000
0.076923 0.555556 0.333333 0.202637
0.153846 0.555556 0.333333 0.393497
0.230769 0.555556 0.333333 0.561489
0.307692 0.555556 0.333333 0.696849
0.000000 0.666667 0.333333 0.000000
0.076923 0.666667 0.333333 0.178196
0.153846 0.666667 0.333333 0.346036
0.230769 0.666667 0.333333 0.493765
0.307692 0.666667 0.333333 0.612799
0.000000 0.777778 0.333333 0.000000
0.076923 0.777778 0.333333 0.132262
0.153846 0.777778 0.333333 0.256837
0.230769 0.777778 0.333333 0.366486
0.307692 0.777778 0.333333 0.454836
0.000000 0.888889 0.333333 0.000000
0.076923 0.888889 0.333333 0.070375
0.153846 0.888889 0.333333 0.136660
0.230769 0.888889 0.333333 0.195003
0.307692 0.888889 0.333333 0.242013
0.000000 1.000000 0.333333 0.000000
0.076923 1.000000 0.333333 0.000000
0.153846 1.000000 0.333333 0.000000
0.230769 1.000000 0.333333 0.000000
0.307692 1.000000 0.333333 0.000000
0.000000 0.000000 0.444444 0.000000
0.076923 0.000000 0.444444 0.000000
0.153846 0.000000 0.444444 0.000000
0.230769 0.000000 0.444444 0.000000
0.307692 0.000000 0.444444 0.000000
0.000000 0.111111 0.444444 0.000000
0.076923 0.111111 0.444444 0.080028
0.153846 0.111111 0.444444 0.155404
0.230769 0.111111 0.444444 0.221749
0.307692 0.111111 0.444444 0.275207
0.000000 0.222222 0.444444 0.000000
0.076923 0.222222 0.444444 0.150403
0.153846 0.222222 0.444444 0.292064
0.230769 0.222222 0.444444 0.416752
0.307692 0.222222 0.444444 0.517220
0.000000 0.333333 0.444444 0.000000
0.076923 0.333333 0.444444 0.202637
0.153846 0.333333 0.444444 0.393497
0.230769 0.333333 0.444444 0.561489
0.307692 0.333333 0.444444 0.696849
0.000000 0.444444 0.444444 0.000000
0.076923 0.444444 0.444444 0.230430
0.153846 0.444444 0.444444 0.447469
0.230769 0.444444 0.444444 0.638502
0.307692 0.444444 0.444444 0.792428
0.000000 0.555556 0.444444 0.000000
0.076923 0.555556 0.444444 0.230430
0.153846 0.555556 0.444444 0.447469
0.230769 0.555556 0.444444 0.638502
0.307692 0.555556 0.444444 0.792428
0.000000 0.666667 0.444444 0.000000
0.076923 0.666667 0.444444 0.202637
0.153846 0.666667 0.444444 0.393497
0.230769 0.666667 0.444444 0.561489
0.307692 0.666667 0.444444 0.696849
0.000000 0.777778 0.444444 0.000000
0.076923 0.777778 0.444444 0.150403
0.153846 0.777778 0.444444 0.292064
0.230769 0.777778 0.444444 0.416752
0.307692 0.777778 0.444444 0.517220
0.000000 0.888889 0.444444 0.000000
0.076923 0.888889 0.444444 0.080028
0.153846 0.888889 0.444444 0.155404
0.230769 0.888889 0.444444 0.221749
0.307692 0.888889 0.444444 0.275207
0.000000 1.000000 0.444444 0.000000
0.076923 1.000000 0.444444 0.000000
0.153846 1.000000 0.444444 0.000000
0.230769 1.000000 0.444444 0.000000
0.307692 1.000000 0.444444 0.000000
0.000000 0.000000 0.555556 0.000000
0.076923 0.000000 0.555556 0.000000
0.153846 0.000000 0.555556 0.000000
0.230769 0.000000 0.555556 0.000000
0.307692 0.000000 0.555556 0.000000
0.000000 0.111111 0.555556 0.000000
0.076923 0.111111 0.555556 0.080028
0.153846 0.111111 0.555556 0.155404
0.230769 0.111111 0.555556 0.221749
0.307692 0.111111 0.555556 0.275207
0.000000 0.222222 0.555556 0.000000
0.076923 0.222222 0.555556 0.150403
0.153846 0.222222 0.555556 0.292064
0.230769 0.222222 0.555556 0.416752
0.307692 0.222222 0.555556 0.517220
0.000000 0.333333 0.555556 0.000000
0.076923 0.333333 0.555556 0.202637
0.153846 0.333333 0.555556 0.393497
0.230769 0.333333 0.555556 0.561489
0.307692 0.333333 0.555556 0.696849
0.000000 0.444444 0.555556 0.000000
0.076923 0.444444 0.555556 0.230430
0.153846 0.444444 0.555556 0.447469
0.230769 0.444444 0.555556 0.638502
0.307692 0.444444 0.555556 0.792428
0.000000 0.555556 0.555556 0.000000
0.076923 0.555556 0.555556 0.230430
0.153846 0.555556 0.555556 0.447469
0.230769 0.555556 0.555556 0.638502
0.307692 0.555556 0.555556 0.792428
0.000000 0.666667 0.555556 0.000000
0.076923 0.666667 0.555556 0.202637
0.153846 0.666667 0.555556 0.393497
0.230769 0.666667 0.555556 0.561489
0.307692 0.666667 0.555556 0.696849
0.000000 0.777778 0.555556 0.000000
0.076923 0.777778 0.555556 0.150403
0.153846 0.777778 0.555556 0.292064
0.230769 0.777778 0.555556 0.416752
0.307692 0.777778 0.555556 0.517220
0.000000 0.888889 0.555556 0.000000
0.076923 0.888889 0.555556 0.080028
0.153846 0.888889 0.555556 0.155404
0.230769 0.888889 0.555556 0.221749
0.307692 0.888889 0.555556 0.275207
0.000000 1.000000 0.555556 0.000000
0.076923 1.000000 0.555556 0.000000
0.153846 1.000000 0.555556 0.000000
0.230769 1.000000 0.555556 0.000000
0.307692 1.000000 0.555556 0.000000
0.000000 0.000000 0.666667 0.000000
0.076923 0.000000 0.666667 0.000000
0.153846 0.000000 0.666667 0.000000
0.230769 0.000000 0.666667 0.000000
0.307692 0.000000 0.666667 0.000000
0.000000 0.111111 0.666667 0.000000
0.076923 0.111111 0.666667 0.070375
0.153846 0.111111 0.666667 0.136660
0.230769 0.111111 0.666667 0.195003
0.307692 0.111111 0.666667 0.242013
0.000000 0.222222 0.666667 0.000000
0.076923 0.222222 0.666667 0.132262
0.153846 0.222222 0.666667 0.256837
0.230769 0.222222 0.666667 0.366486
0.307692 0.222222 0.666667 0.454836
0.000000 0.333333 0.666667 0.000000
0.076923 0.333333 0.666667 0.178196
0.153846 0.333333 0.666667 0.346036
0.230769 0.333333 0.666667 0.493765
0.307692 0.333333 0.666667 0.612799
0.000000 0.444444 0.666667 0.000000
0.076923 0.444444 0.666667 0.202637
0.153846 0.444444 0.666667 0.393497
0.230769 0.444444 0.666667 0.561489
0.307692 0.444444 0.666667 0.696849
0.000000 0.555556 0.666667 0.000000
0.076923 0.555556 0.666667 0.202637
0.153846 0.555556 0.666667 0.393497
0.230769 0.555556 0.666667 0.561489
0.307692 0.555556 0.666667 0.696849
0.000000 0.666667 0.666667 0.000000
0.076923 0.666667 0.666667 0.178196
0.153846 0.666667 0.666667 0.346036
0.230769 0.666667 0.666667 0.493765
0.307692 0.666667 0.666667 0.612799
0.000000 0.777778 0.666667 0.000000
0.076923 0.777778 0.666667 0.132262
0.153846 0.777778 0.666667 0.256837
0.230769 0.777778 0.666667 0.366486
0.307692 0.777778 0.666667 0.454836
0.000000 0.888889 0.666667 0.000000
0.076923 0.888889 0.666667 0.070375
0.153846 0.888889 0.666667 0.136660
0.230769 0.888889 0.666667 0.195003
0.307692 0.888889 0.666667 0.242013
0.000000 1.000000 0.666667 0.000000
0.076923 1.000000 0.666667 0.000000
0.153846 1.000000 0.666667 0.000000
0.230769 1.000000 0.666667 0.000000
0.307692 1.000000 0.666667 0.000000
0.000000 0.000000 0.777778 0.000000
0.076923 0.000000 0.777778 0.000000
0.153846 0.000000 0.777778 0.000000
0.230769 0.000000 0.777778 0.000000
0.307692 0.000000 0.777778 0.000000
0.000000 0.111111 0.777778 0.000000
0.076923 0.111111 0.777778 0.052234
0.153846 0.111111 0.777778 0.101433
0.230769 0.111111 0.777778 0.144737
0.307692 0.111111 0.777778 0.179629
0.000000 0.222222 0.777778 0.000000
0.076923 0.222222 0.777778 0.098168
0.153846 0.222222 0.777778 0.190631
0.230769 0.222222 0.777778 0.272016
0.307692 0.222222 0.777778 0.337592
0.000000 0.333333 0.777778 0.000000
0.076923 0.333333 0.777778 0.132262
0.153846 0.333333 0.777778 0.256837
0.230769 0.333333 0.777778 0.366486
0.307692 0.333333 0.777778 0.454836
0.000000 0.444444 0.777778 0.000000
0.076923 0.444444 0.777778 0.150403
0.153846 0.444444 0.777778 0.292064
0.230769 0.444444 0.777778 0.416752
0.307692 0.444444 0.777778 0.517220
0.000000 0.555556 0.777778 0.000000
0.076923 0.555556 0.777778 0.150403
0.153846 0.555556 0.777778 0.292064
0.230769 0.555556 0.777778 0.416752
0.307692 0.555556 0.777778 0.517220
0.000000 0.666667 0.777778 0.000000
0.076923 0.666667 0.777778 0.132262
0.153846 0.666667 0.777778 0.256837
0.230769 0.666667 0.777778 0.366486
0.307692 0.666667 0.777778 0.454836
0.000000 0.777778 0.777778 0.000000
0.076923 0.777778 0.777778 0.098168
0.153846 0.777778 0.777778 0.190631
0.230769 0.777778 0.777778 0.272016
0.307692 0.777778 0.777778 0.337592
0.000000 0.888889 0.777778 0.000000
0.076923 0.888889 0.777778 0.052234
0.153846 0.888889 0.777778 0.101433
0.230769 0.888889 0.777778 0.144737
0.307692 0.888889 0.777778 0.179629
0.000000 1.000000 0.777778 0.000000
0.076923 1.000000 0.777778 0.000000
0.153846 1.000000 0.777778 0.000000
0.230769 1.000000 0.777778 0.000000
0.307692 1.000000 0.777778 0.000000
0.000000 0.000000 0.888889 0.000000
0.076923 0.000000 0.888889 0.000000
0.153846 0.000000 0.888889 0.000000
0.230769 0.000000 0.888889 0.000000
0.307692 0.000000 0.888889 0.000000
0.000000 0.111111 0.888889 0.000000
0.076923 0.111111 0.888889 0.027793
0.153846 0.111111 0.888889 0.053971
0.230769 0.111111 0.888889 0.077013
0.307692 0.111111 0.888889 0.095578
0.000000 0.222222 0.888889 0.000000
0.076923 0.222222 0.888889 0.052234
0.153846 0.222222 0.888889 0.101433
0.230769 0.222222 0.888889 0.144737
0.307692 0.222222 0.888889 0.179629
0.000000 0.333333 0.888889 0.000000
0.076923 0.333333 0.888889 0.070375
0.153846 0.333333 0.888889 0.136660
0.230769 0.333333 0.888889 0.195003
0.307692 0.333333 0.888889 0.242013
0.000000 0.444444 0.888889 0.000000
0.076923 0.444444 0.888889 0.080028
0.153846 0.444444 0.888889 0.155404
0.230769 0.444444 0.888889 0.221749
0.307692 0.444444 0.888889 0.275207
0.000000 0.555556 0.888889 0.000000
0.076923 0.555556 0.888889 0.080028
0.153846 0.555556 0.888889 0.155404
0.230769 0.555556 0.888889 0.221749
0.307692 0.555556 0.888889 0.275207
0.000000 0.666667 0.888889 0.000000
0.076923 0.666667 0.888889 0.070375
0.153846 0.666667 0.888889 0.136660
0.230769 0.666667 0.888889 0.195003
0.307692 0.666667 0.888889 0.242013
0.000000 0.777778 0.888889 0.000000
0.076923 0.777778 0.888889 0.052234
0.153846 0.777778 0.888889 0.101433
0.230769 0.777778 0.888889 0.144737
0.307692 0.777778 0.888889 0.179629
0.000000 0.888889 0.888889 0.000000
0.076923 0.888889 0.888889 0.027793
0.153846 0.888889 0.888889 0.053971
0.230769 0.888889 0.888889 0.077013
0.307692 0.888889 0.888889 0.095578
0.000000 1.000000 0.888889 0.000000
0.076923 1.000000 0.888889 0.000000
0.153846 1.000000 0.888889 0.000000
0.230769 1.000000 0.888889 0.000000
0.307692 1.000000 0.888889 0.000000
0.000000 0.000000 1.000000 0.000000
0.076923 0.000000 1.000000 0.000000
0.153846 0.000000 1.000000 0.000000
0.230769 0.000000 1.000000 0.000000
0.307692 0.000000 1.000000 0.000000
0.000000 0.111111 1.000000 0.000000
0.076923 0.111111 1.000000 0.000000
0.153846 0.111111 1.000000 0.000000
0.230769 0.111111 1.000000 0.000000
0.307692 0.111111 1.000000 0.000000
0.000000 0.222222 1.000000 0.000000
0.076923 0.222222 1.000000 0.000000
0.153846 0.222222 1.000000 0.000000
0.230769 0.222222 1.000000 0.000000
0.307692 0.222222 1.000000 0.000000
0.000000 0.333333 1.000000 0.000000
0.076923 0.333333 1.000000 0.000000
0.153846 0.333333 1.000000 0.000000
0.230769 0.333333 1.000000 0.000000
0.307692 0.333333 1.000000 0.000000
0.000000 0.444444 1.000000 0.000000
0.076923 0.444444 1.000000 0.000000
0.153846 0.444444 1.000000 0.000000
0.230769 0.444444 1.000000 0.000000
0.307692 0.444444 1.000000 0.000000
0.000000 0.555556 1.000000 0.000000
0.076923 0.555556 1.000000 0.000000
0.153846 0.555556 1.000000 0.000000
0.230769 0.555556 1.000000 0.000000
0.307692 0.555556 1.000000 0.000000
0.000000 0.666667 1.000000 0.000000
0.076923 0.666667 1.000000 0.000000
0.153846 0.666667 1.000000 0.000000
0.230769 0.666667 1.000000 0.000000
0.307692 0.666667 1.000000 0.000000
0.000000 0.777778 1.000000 0.000000
0.076923 0.777778 1.000000 0.000000
0.153846 0.777778 1.000000 0.000000
0.230769 0.777778 1.000000 0.000000
0.307692 0.777778 1.000000 0.000000
0.000000 0.888889 1.000000 0.000000
0.076923 0.888889 1.000000 0.000000
0.153846 0.888889 1.000000 0.000000
0.230769 0.888889 1.000000 0.000000
0.307692 0.888889 1.000000 0.000000
0.000000 1.000000 1.000000 0.000000
0.076923 1.000000 1.000000 0.000000
0.153846 1.000000 1.000000 0.000000
0.230769 1.000000 1.000000 0.000000
0.307692 1.000000 1.000000 0.000000
