0.230769 0.000000 0.000000 0.000000
0.307692 0.000000 0.000000 0.000000
0.384615 0.000000 0.000000 0.000000
0.461538 0.000000 0.000000 0.000000
0.538462 0.000000 0.000000 0.000000
0.230769 0.111111 0.000000 0.000000
0.307692 0.111111 0.000000 0.000000
0.384615 0.111111 0.000000 0.000000
0.461538 0.111111 0.000000 0.000000
0.538462 0.111111 0.000000 0.000000
0.230769 0.222222 0.000000 0.000000
0.307692 0.222222 0.000000 0.000000
0.384615 0.222222 0.000000 0.000000
0.461538 0.222222 0.000000 0.000000
0.538462 0.222222 0.000000 0.000000
0.230769 0.333333 0.000000 0.000000
0.307692 0.333333 0.000000 0.000000
0.384615 0.333333 0.000000 0.000000
0.461538 0.333333 0.000000 0.000000
0.538462 0.333333 0.000000 0.000000
0.230769 0.444444 0.000000 0.000000
0.307692 0.444444 0.000000 0.000000
0.384615 0.444444 0.000000 0.000000
0.461538 0.444444 0.000000 0.000000
0.538462 0.444444 0.000000 0.000000
0.230769 0.555556 0.000000 0.000000
0.307692 0.555556 0.000000 0.000000
0.384615 0.555556 0.000000 0.000000
0.461538 0.555556 0.000000 0.000000
0.538462 0.555556 0.000000 0.000000
0.230769 0.666667 0.000000 0.000000
0.307692 0.666667 0.000000 0.000000
0.384615 0.666667 0.000000 0.000000
0.461538 0.666667 0.000000 0.000000
0.538462 0.666667 0.000000 0.000000
0.230769 0.777778 0.000000 0.000000
0.307692 0.777778 0.000000 0.000000
0.384615 0.777778 0.000000 0.000000
0.461538 0.777778 0.000000 0.000000
0.538462 0.777778 0.000000 0.000000
0.230769 0.888889 0.000000 0.000000
0.307692 0.888889 0.000000 0.000000
0.384615 0.888889 0.000000 0.000000
0.461538 0.888889 0.000000 0.000000
0.538462 0.888889 0.000000 0.000000
0.230769 1.000000 0.000000 0.000000
0.307692 1.000000 0.000000 0.000000
0.384615 1.000000 0.000000 0.000000
0.461538 1.000000 0.000000 0.000000
0.538462 1.000000 0.000000 0.000000
0.230769 0.000000 0.111111 0.000000
0.307692 0.000000 0.111111 0.000000
0.384615 0.000000 0.111111 0.000000
0.461538 0.000000 0.111111 0.000000
0.538462 0.000000 0.111111 0.000000
0.230769 0.111111 0.111111 0.077013
0.307692 0.111111 0.111111 0.095578
0.384615 0.111111 0.111111 0.108590
0.461538 0.111111 0.111111 0.115290
0.538462 0.111111 0.111111 0.115290
0.230769 0.222222 0.111111 0.144737
0.307692 0.222222 0.111111 0.179629
0.384615 0.222222 0.111111 0.204082
0.461538 0.222222 0.111111 0.216674
0.538462 0.222222 0.111111 0.216674
0.230769 0.333333 0.111111 0.195003
0.307692 0.333333 0.111111 0.242013
0.384615 0.333333 0.111111 0.274958
0.461538 0.333333 0.111111 0.291924
0.538462 0.333333 0.111111 0.291924
0.230769 0.444444 0.111111 0.221749
0.307692 0.444444 0.111111 0.275207
0.384615 0.444444 0.111111 0.312671
0.461538 0.444444 0.111111 0.331964
0.538462 0.444444 0.111111 0.331964
0.230769 0.555556 0.111111 0.221749
0.307692 0.555556 0.111111 0.275207
0.384615 0.555556 0.111111 0.312671
0.461538 0.555556 0.111111 0.331964
0.538462 0.555556 0.111111 0.331964
0.230769 0.666667 0.111111 0.195003
0.307692 0.666667 0.111111 0.242013
0.384615 0.666667 0.111111 0.274958
0.461538 0.666667 0.111111 0.291924
0.538462 0.666667 0.111111 0.291924
0.230769 0.777778 0.111111 0.144737
0.307692 0.777778 0.111111 0.179629
0.384615 0.777778 0.111111 0.204082
0.461538 0.777778 0.111111 0.216674
0.538462 0.777778 0.111111 0.216674
0.230769 0.888889 0.111111 0.077013
0.307692 0.888889 0.111111 0.095578
0.384615 0.888889 0.111111 0.108590
0.461538 0.888889 0.111111 0.115290
0.538462 0.888889 0.111111 0.115290
0.230769 1.000000 0.111111 0.000000
0.307692 1.000000 0.111111 0.000000
0.384615 1.000000 0.111111 0.000000
0.461538 1.000000 0.111111 0.000000
0.538462 1.000000 0.111111 0.000000
0.230769 0.000000 0.222222 0.000000
0.307692 0.000000 0.222222 0.000000
0.384615 0.000000 0.222222 0.000000
0.461538 0.000000 0.222222 0.000000
0.538462 0.000000 0.222222 0.000000
0.230769 0.111111 0.222222 0.144737
0.307692 0.111111 0.222222 0.179629
0.384615 0.111111 0.222222 0.204082
0.461538 0.111111 0.222222 0.216674
0.538462 0.111111 0.222222 0.216674
0.230769 0.222222 0.222222 0.272016
0.307692 0.222222 0.222222 0.337592
0.384615 0.222222 0.222222 0.383548
0.461538 0.222222 0.222222 0.407214
0.538462 0.222222 0.222222 0.407214
0.230769 0.333333 0.222222 0.366486
0.307692 0.333333 0.222222 0.454836
0.384615 0.333333 0.222222 0.516753
0.461538 0.333333 0.222222 0.548637
0.538462 0.333333 0.222222 0.548637
0.230769 0.444444 0.222222 0.416752
0.307692 0.444444 0.222222 0.517220
0.384615 0.444444 0.222222 0.587629
0.461538 0.444444 0.222222 0.623887
0.538462 0.444444 0.222222 0.623887
0.230769 0.555556 0.222222 0.416752
0.307692 0.555556 0.222222 0.517220
0.384615 0.555556 0.222222 0.587629
0.461538 0.555556 0.222222 0.623887
0.538462 0.555556 0.222222 0.623887
0.230769 0.666667 0.222222 0.366486
0.307692 0.666667 0.222222 0.454836
0.384615 0.666667 0.222222 0.516753
0.461538 0.666667 0.222222 0.548637
0.538462 0.666667 0.222222 0.548637
0.230769 0.777778 0.222222 0.272016
0.307692 0.777778 0.222222 0.337592
0.384615 0.777778 0.222222 0.383548
0.461538 0.777778 0.222222 0.407214
0.538462 0.777778 0.222222 0.407214
0.230769 0.888889 0.222222 0.144737
0.307692 0.888889 0.222222 0.179629
0.384615 0.888889 0.222222 0.204082
0.461538 0.888889 0.222222 0.216674
0.538462 0.888889 0.222222 0.216674
0.230769 1.000000 0.222222 0.000000
0.307692 1.000000 0.222222 0.000000
0.384615 1.000000 0.222222 0.000000
0.461538 1.000000 0.222222 0.000000
0.538462 1.000000 0.222222 0.000000
0.230769 0.000000 0.333333 0.000000
0.307692 0.000000 0.333333 0.000000
0.384615 0.000000 0.333333 0.000000
0.461538 0.000000 0.333333 0.000000
0.538462 0.000000 0.333333 0.000000
0.230769 0.111111 0.333333 0.195003
0.307692 0.111111 0.333333 0.242013
0.384615 0.111111 0.333333 0.274958
0.461538 0.111111 0.333333 0.291924
0.538462 0.111111 0.333333 0.291924
0.230769 0.222222 0.333333 0.366486
0.307692 0.222222 0.333333 0.454836
0.384615 0.222222 0.333333 0.516753
0.461538 0.222222 0.333333 0.548637
0.538462 0.222222 0.333333 0.548637
0.230769 0.333333 0.333333 0.493765
0.307692 0.333333 0.333333 0.612799
0.384615 0.333333 0.333333 0.696219
0.461538 0.333333 0.333333 0.739177
0.538462 0.333333 0.333333 0.739177
0.230769 0.444444 0.333333 0.561489
0.307692 0.444444 0.333333 0.696849
0.384615 0.444444 0.333333 0.791711
0.461538 0.444444 0.333333 0.840561
0.538462 0.444444 0.333333 0.840561
0.230769 0.555556 0.333333 0.561489
0.307692 0.555556 0.333333 0.696849
0.384615 0.555556 0.333333 0.791711
0.461538 0.555556 0.333333 0.840561
0.538462 0.555556 0.333333 0.840561
0.230769 0.666667 0.333333 0.493765
0.307692 0.666667 0.333333 0.612799
0.384615 0.666667 0.333333 0.696219
0.461538 0.666667 0.333333 0.739177
0.538462 0.666667 0.333333 0.739177
0.230769 0.777778 0.333333 0.366486
0.307692 0.777778 0.333333 0.454836
0.384615 0.777778 0.333333 0.516753
0.461538 0.777778 0.333333 0.548637
0.538462 0.777778 0.333333 0.548637
0.230769 0.888889 0.333333 0.195003
0.307692 0.888889 0.333333 0.242013
0.384615 0.888889 0.333333 0.274958
0.461538 0.888889 0.333333 0.291924
0.538462 0.888889 0.333333 0.291924
0.230769 1.000000 0.333333 0.000000
0.307692 1.000000 0.333333 0.000000
0.384615 1.000000 0.333333 0.000000
0.461538 1.000000 0.333333 0.000000
0.538462 1.000000 0.333333 0.000000
0.230769 0.000000 0.444444 0.000000
0.307692 0.000000 0.444444 0.000000
0.384615 0.000000 0.444444 0.000000
0.461538 0.000000 0.444444 0.000000
0.538462 0.000000 0.444444 0.000000
0.230769 0.111111 0.444444 0.221749
0.307692 0.111111 0.444444 0.275207
0.384615 0.111111 0.444444 0.312671
0.461538 0.111111 0.444444 0.331964
0.538462 0.111111 0.444444 0.331964
0.230769 0.222222 0.444444 0.416752
0.307692 0.222222 0.444444 0.517220
0.384615 0.222222 0.444444 0.587629
0.461538 0.222222 0.444444 0.623887
0.538462 0.222222 0.444444 0.623887
0.230769 0.333333 0.444444 0.561489
0.307692 0.333333 0.444444 0.696849
0.384615 0.333333 0.444444 0.791711
0.461538 0.333333 0.444444 0.840561
0.538462 0.333333 0.444444 0.840561
0.230769 0.444444 0.444444 0.638502
0.307692 0.444444 0.444444 0.792428
0.384615 0.444444 0.444444 0.900300
0.461538 0.444444 0.444444 0.955851
0.538462 0.444444 0.444444 0.955851
0.230769 0.555556 0.444444 0.638502
0.307692 0.555556 0.444444 0.792428
0.384615 0.555556 0.444444 0.900300
0.461538 0.555556 0.444444 0.955851
0.538462 0.555556 0.444444 0.955851
0.230769 0.666667 0.444444 0.561489
0.307692 0.666667 0.444444 0.696849
0.384615 0.666667 0.444444 0.791711
0.461538 0.666667 0.444444 0.840561
0.538462 0.666667 0.444444 0.840561
0.230769 0.777778 0.444444 0.416752
0.307692 0.777778 0.444444 0.517220
0.384615 0.777778 0.444444 0.587629
0.461538 0.777778 0.444444 0.623887
0.538462 0.777778 0.444444 0.623887
0.230769 0.888889 0.444444 0.221749
0.307692 0.888889 0.444444 0.275207
0.384615 0.888889 0.444444 0.312671
0.461538 0.888889 0.444444 0.331964
0.538462 0.888889 0.444444 0.331964
0.230769 1.000000 0.444444 0.000000
0.307692 1.000000 0.444444 0.000000
0.384615 1.000000 0.444444 0.000000
0.461538 1.000000 0.444444 0.000000
0.538462 1.000000 0.444444 0.000000
0.230769 0.000000 0.555556 0.000000
0.307692 0.000000 0.555556 0.000000
0.384615 0.000000 0.555556 0.000000
0.461538 0.000000 0.555556 0.000000
0.538462 0.000000 0.555556 0.000000
0.230769 0.111111 0.555556 0.221749
0.307692 0.111111 0.555556 0.275207
0.384615 0.111111 0.555556 0.312671
0.461538 0.111111 0.555556 0.331964
0.538462 0.111111 0.555556 0.331964
0.230769 0.222222 0.555556 0.416752
0.307692 0.222222 0.555556 0.517220
0.384615 0.222222 0.555556 0.587629
0.461538 0.222222 0.555556 0.623887
0.538462 0.222222 0.555556 0.623887
0.230769 0.333333 0.555556 0.561489
0.307692 0.333333 0.555556 0.696849
0.384615 0.333333 0.555556 0.791711
0.461538 0.333333 0.555556 0.840561
0.538462 0.333333 0.555556 0.840561
0.230769 0.444444 0.555556 0.638502
0.307692 0.444444 0.555556 0.792428
0.384615 0.444444 0.555556 0.900300
0.461538 0.444444 0.555556 0.955851
0.538462 0.444444 0.555556 0.955851
0.230769 0.555556 0.555556 0.638502
0.307692 0.555556 0.555556 0.792428
0.384615 0.555556 0.555556 0.900300
0.461538 0.555556 0.555556 0.955851
0.538462 0.555556 0.555556 0.955851
0.230769 0.666667 0.555556 0.561489
0.307692 0.666667 0.555556 0.696849
0.384615 0.666667 0.555556 0.791711
0.461538 0.666667 0.555556 0.840561
0.538462 0.666667 0.555556 0.840561
0.230769 0.777778 0.555556 0.416752
0.307692 0.777778 0.555556 0.517220
0.384615 0.777778 0.555556 0.587629
0.461538 0.777778 0.555556 0.623887
0.538462 0.777778 0.555556 0.623887
0.230769 0.888889 0.555556 0.221749
0.307692 0.888889 0.555556 0.275207
0.384615 0.888889 0.555556 0.312671
0.461538 0.888889 0.555556 0.331964
0.538462 0.888889 0.555556 0.331964
0.230769 1.000000 0.555556 0.000000
0.307692 1.000000 0.555556 0.000000
0.384615 1.000000 0.555556 0.000000
0.461538 1.000000 0.555556 0.000000
0.538462 1.000000 0.555556 0.000000
0.230769 0.000000 0.666667 0.000000
0.307692 0.000000 0.666667 0.000000
0.384615 0.000000 0.666667 0.000000
0.461538 0.000000 0.666667 0.000000
0.538462 0.000000 0.666667 0.000000
0.230769 0.111111 0.666667 0.195003
0.307692 0.111111 0.666667 0.242013
0.384615 0.111111 0.666667 0.274958
0.461538 0.111111 0.666667 0.291924
0.538462 0.111111 0.666667 0.291924
0.230769 0.222222 0.666667 0.366486
0.307692 0.222222 0.666667 0.454836
0.384615 0.222222 0.666667 0.516753
0.461538 0.222222 0.666667 0.548637
0.538462 0.222222 0.666667 0.548637
0.230769 0.333333 0.666667 0.493765
0.307692 0.333333 0.666667 0.612799
0.384615 0.333333 0.666667 0.696219
0.461538 0.333333 0.666667 0.739177
0.538462 0.333333 0.666667 0.739177
0.230769 0.444444 0.666667 0.561489
0.307692 0.444444 0.666667 0.696849
0.384615 0.444444 0.666667 0.791711
0.461538 0.444444 0.666667 0.840561
0.538462 0.444444 0.666667 0.840561
0.230769 0.555556 0.666667 0.561489
0.307692 0.555556 0.666667 0.696849
0.384615 0.555556 0.666667 0.791711
0.461538 0.555556 0.666667 0.840561
0.538462 0.555556 0.666667 0.840561
0.230769 0.666667 0.666667 0.493765
0.307692 0.666667 0.666667 0.612799
0.384615 0.666667 0.666667 0.696219
0.461538 0.666667 0.666667 0.739177
0.538462 0.666667 0.666667 0.739177
0.230769 0.777778 0.666667 0.366486
0.307692 0.777778 0.666667 0.454836
0.384615 0.777778 0.666667 0.516753
0.461538 0.777778 0.666667 0.548637
0.538462 0.777778 0.666667 0.548637
0.230769 0.888889 0.666667 0.195003
0.307692 0.888889 0.666667 0.242013
0.384615 0.888889 0.666667 0.274958
0.461538 0.888889 0.666667 0.291924
0.538462 0.888889 0.666667 0.291924
0.230769 1.000000 0.666667 0.000000
0.307692 1.000000 0.666667 0.000000
0.384615 1.000000 0.666667 0.000000
0.461538 1.000000 0.666667 0.000000
0.538462 1.000000 0.666667 0.000000
0.230769 0.000000 0.777778 0.000000
0.307692 0.000000 0.777778 0.000000
0.384615 0.000000 0.777778 0.000000
0.461538 0.000000 0.777778 0.000000
0.538462 0.000000 0.777778 0.000000
0.230769 0.111111 0.777778 0.144737
0.307692 0.111111 0.777778 0.179629
0.384615 0.111111 0.777778 0.204082
0.461538 0.111111 0.777778 0.216674
0.538462 0.111111 0.777778 0.216674
0.230769 0.222222 0.777778 0.272016
0.307692 0.222222 0.777778 0.337592
0.384615 0.222222 0.777778 0.383548
0.461538 0.222222 0.777778 0.407214
0.538462 0.222222 0.777778 0.407214
0.230769 0.333333 0.777778 0.366486
0.307692 0.333333 0.777778 0.454836
0.384615 0.333333 0.777778 0.516753
0.461538 0.333333 0.777778 0.548637
0.538462 0.333333 0.777778 0.548637
0.230769 0.444444 0.777778 0.416752
0.307692 0.444444 0.777778 0.517220
0.384615 0.444444 0.777778 0.587629
0.461538 0.444444 0.777778 0.623887
0.538462 0.444444 0.777778 0.623887
0.230769 0.555556 0.777778 0.416752
0.307692 0.555556 0.777778 0.517220
0.384615 0.555556 0.777778 0.587629
0.461538 0.555556 0.777778 0.623887
0.538462 0.555556 0.777778 0.623887
0.230769 0.666667 0.777778 0.366486
0.307692 0.666667 0.777778 0.454836
0.384615 0.666667 0.777778 0.516753
0.461538 0.666667 0.777778 0.548637
0.538462 0.666667 0.777778 0.548637
0.230769 0.777778 0.777778 0.272016
0.307692 0.777778 0.777778 0.337592
0.384615 0.777778 0.777778 0.383548
0.461538 0.777778 0.777778 0.407214
0.538462 0.777778 0.777778 0.407214
0.230769 0.888889 0.777778 0.144737
0.307692 0.888889 0.777778 0.179629
0.384615 0.888889 0.777778 0.204082
0.461538 0.888889 0.777778 0.216674
0.538462 0.888889 0.777778 0.216674
0.230769 1.000000 0.777778 0.000000
0.307692 1.000000 0.777778 0.000000
0.384615 1.000000 0.777778 0.000000
0.461538 1.000000 0.777778 0.000000
0.538462 1.000000 0.777778 0.000000
0.230769 0.000000 0.888889 0.000000
0.307692 0.000000 0.888889 0.000000
0.384615 0.000000 0.888889 0.000000
0.461538 0.000000 0.888889 0.000000
0.538462 0.000000 0.888889 0.000000
0.230769 0.111111 0.888889 0.077013
0.307692 0.111111 0.888889 0.095578
0.384615 0.111111 0.888889 0.108590
0.461538 0.111111 0.888889 0.115290
0.538462 0.111111 0.888889 0.115290
0.230769 0.222222 0.888889 0.144737
0.307692 0.222222 0.888889 0.179629
0.384615 0.222222 0.888889 0.204082
0.461538 0.222222 0.888889 0.216674
0.538462 0.222222 0.888889 0.216674
0.230769 0.333333 0.888889 0.195003
0.307692 0.333333 0.888889 0.242013
0.384615 0.333333 0.888889 0.274958
0.461538 0.333333 0.888889 0.291924
0.538462 0.333333 0.888889 0.291924
0.230769 0.444444 0.888889 0.221749
0.307692 0.444444 0.888889 0.275207
0.384615 0.444444 0.888889 0.312671
0.461538 0.444444 0.888889 0.331964
0.538462 0.444444 0.888889 0.331964
0.230769 0.555556 0.888889 0.221749
0.307692 0.555556 0.888889 0.275207
0.384615 0.555556 0.888889 0.312671
0.461538 0.555556 0.888889 0.331964
0.538462 0.555556 0.888889 0.331964
0.230769 0.666667 0.888889 0.195003
0.307692 0.666667 0.888889 0.242013
0.384615 0.666667 0.888889 0.274958
0.461538 0.666667 0.888889 0.291924
0.538462 0.666667 0.888889 0.291924
0.230769 0.777778 0.888889 0.144737
0.307692 0.777778 0.888889 0.179629
0.384615 0.777778 0.888889 0.204082
0.461538 0.777778 0.888889 0.216674
0.538462 0.777778 0.888889 0.216674
0.230769 0.888889 0.888889 0.077013
0.307692 0.888889 0.888889 0.095578
0.384615 0.888889 0.888889 0.108590
0.461538 0.888889 0.888889 0.115290
0.538462 0.888889 0.888889 0.115290
0.230769 1.000000 0.888889 0.000000
0.307692 1.000000 0.888889 0.000000
0.384615 1.000000 0.888889 0.000000
0.461538 1.000000 0.888889 0.000000
0.538462 1.000000 0.888889 0.000000
0.230769 0.000000 1.000000 0.000000
0.307692 0.000000 1.000000 0.000000
0.384615 0.000000 1.000000 0.000000
0.461538 0.000000 1.000000 0.000000
0.538462 0.000000 1.000000 0.000000
0.230769 0.111111 1.000000 0.000000
0.307692 0.111111 1.000000 0.000000
0.384615 0.111111 1.000000 0.000000
0.461538 0.111111 1.000000 0.000000
0.538462 0.111111 1.000000 0.000000
0.230769 0.222222 1.000000 0.000000
0.307692 0.222222 1.000000 0.000000
0.384615 0.222222 1.000000 0.000000
0.461538 0.222222 1.000000 0.000000
0.538462 0.222222 1.000000 0.000000
0.230769 0.333333 1.000000 0.000000
0.307692 0.333333 1.000000 0.000000
0.384615 0.333333 1.000000 0.000000
0.461538 0.333333 1.000000 0.000000
0.538462 0.333333 1.000000 0.000000
0.230769 0.444444 1.000000 0.000000
0.307692 0.444444 1.000000 0.000000
0.384615 0.444444 1.000000 0.000000
0.461538 0.444444 1.000000 0.000000
0.538462 0.444444 1.000000 0.000000
0.230769 0.555556 1.000000 0.000000
0.307692 0.555556 1.000000 0.000000
0.384615 0.555556 1.000000 0.000000
0.461538 0.555556 1.000000 0.000000
0.538462 0.555556 1.000000 0.000000
0.230769 0.666667 1.000000 0.000000
0.307692 0.666667 1.000000 0.000000
0.384615 0.666667 1.000000 0.000000
0.461538 0.666667 1.000000 0.000000
0.538462 0.666667 1.000000 0.000000
0.230769 0.777778 1.000000 0.000000
0.307692 0.777778 1.000000 0.000000
0.384615 0.777778 1.000000 0.000000
0.461538 0.777778 1.000000 0.000000
0.538462 0.777778 1.000000 0.000000
0.230769 0.888889 1.000000 0.000000
0.307692 0.888889 1.000000 0.000000
0.384615 0.888889 1.000000 0.000000
0.461538 0.888889 1.000000 0.000000
0.538462 0.888889 1.000000 0.000000
0.230769 1.000000 1.000000 0.000000
0.307692 1.000000 1.000000 0.000000
0.384615 1.000000 1.000000 0.000000
0.461538 1.000000 1.000000 0.000000
0.538462 1.000000 1.000000 0.000000
