0.000000 0.461538 0.000000 0.000000
0.076923 0.461538 0.000000 0.000000
0.153846 0.461538 0.000000 0.000000
0.230769 0.461538 0.000000 0.000000
0.307692 0.461538 0.000000 0.000000
0.384615 0.461538 0.000000 0.000000
0.461538 0.461538 0.000000 0.000000
0.538462 0.461538 0.000000 0.000000
0.000000 0.538462 0.000000 0.000000
0.076923 0.538462 0.000000 0.000000
0.153846 0.538462 0.000000 0.000000
0.230769 0.538462 0.000000 0.000000
0.307692 0.538462 0.000000 0.000000
0.384615 0.538462 0.000000 0.000000
0.461538 0.538462 0.000000 0.000000
0.538462 0.538462 0.000000 0.000000
0.000000 0.615385 0.000000 0.000000
0.076923 0.615385 0.000000 0.000000
0.153846 0.615385 0.000000 0.000000
0.230769 0.615385 0.000000 0.000000
0.307692 0.615385 0.000000 0.000000
0.384615 0.615385 0.000000 0.000000
0.461538 0.615385 0.000000 0.000000
0.538462 0.615385 0.000000 0.000000
0.000000 0.692308 0.000000 0.000000
0.076923 0.692308 0.000000 0.000000
0.153846 0.692308 0.000000 0.000000
0.230769 0.692308 0.000000 0.000000
0.307692 0.692308 0.000000 0.000000
0.384615 0.692308 0.000000 0.000000
0.461538 0.692308 0.000000 0.000000
0.538462 0.692308 0.000000 0.000000
0.000000 0.769231 0.000000 0.000000
0.076923 0.769231 0.000000 0.000000
0.153846 0.769231 0.000000 0.000000
0.230769 0.769231 0.000000 0.000000
0.307692 0.769231 0.000000 0.000000
0.384615 0.769231 0.000000 0.000000
0.461538 0.769231 0.000000 0.000000
0.538462 0.769231 0.000000 0.000000
0.000000 0.846154 0.000000 0.000000
0.076923 0.846154 0.000000 0.000000
0.153846 0.846154 0.000000 0.000000
0.230769 0.846154 0.000000 0.000000
0.307692 0.846154 0.000000 0.000000
0.384615 0.846154 0.000000 0.000000
0.461538 0.846154 0.000000 0.000000
0.538462 0.846154 0.000000 0.000000
0.000000 0.923077 0.000000 0.000000
0.076923 0.923077 0.000000 0.000000
0.153846 0.923077 0.000000 0.000000
0.230769 0.923077 0.000000 0.000000
0.307692 0.923077 0.000000 0.000000
0.384615 0.923077 0.000000 0.000000
0.461538 0.923077 0.000000 0.000000
0.538462 0.923077 0.000000 0.000000
0.000000 1.000000 0.000000 0.000000
0.076923 1.000000 0.000000 0.000000
0.153846 1.000000 0.000000 0.000000
0.230769 1.000000 0.000000 0.000000
0.307692 1.000000 0.000000 0.000000
0.384615 1.000000 0.000000 0.000000
0.461538 1.000000 0.000000 0.000000
0.538462 1.000000 0.000000 0.000000
0.000000 0.461538 0.111111 0.000000
0.076923 0.461538 0.111111 0.000000
0.153846 0.461538 0.111111 0.000000
0.230769 0.461538 0.111111 0.000000
0.307692 0.461538 0.111111 0.000000
0.384615 0.461538 0.111111 0.000000
0.461538 0.461538 0.111111 0.000000
0.538462 0.461538 0.111111 0.000000
0.000000 0.538462 0.111111 0.000000
0.076923 0.538462 0.111111 0.000000
0.153846 0.538462 0.111111 0.000000
0.230769 0.538462 0.111111 0.000000
0.307692 0.538462 0.111111 0.000000
0.384615 0.538462 0.111111 0.000000
0.461538 0.538462 0.111111 0.000000
0.538462 0.538462 0.111111 0.000000
0.000000 0.615385 0.111111 0.000000
0.076923 0.615385 0.111111 0.000000
0.153846 0.615385 0.111111 0.000000
0.230769 0.615385 0.111111 0.000000
0.307692 0.615385 0.111111 0.000000
0.384615 0.615385 0.111111 0.000000
0.461538 0.615385 0.111111 0.000000
0.538462 0.615385 0.111111 0.000000
0.000000 0.692308 0.111111 0.000000
0.076923 0.692308 0.111111 0.000000
0.153846 0.692308 0.111111 0.000000
0.230769 0.692308 0.111111 0.000000
0.307692 0.692308 0.111111 0.000000
0.384615 0.692308 0.111111 0.000000
0.461538 0.692308 0.111111 0.000000
0.538462 0.692308 0.111111 0.000000
0.000000 0.769231 0.111111 0.000000
0.076923 0.769231 0.111111 0.000000
0.153846 0.769231 0.111111 0.000000
0.230769 0.769231 0.111111 0.000000
0.307692 0.769231 0.111111 0.000000
0.384615 0.769231 0.111111 0.000000
0.461538 0.769231 0.111111 0.000000
0.538462 0.769231 0.111111 0.000000
0.000000 0.846154 0.111111 0.000000
0.076923 0.846154 0.111111 0.000000
0.153846 0.846154 0.111111 0.000000
0.230769 0.846154 0.111111 0.000000
0.307692 0.846154 0.111111 0.000000
0.384615 0.846154 0.111111 0.000000
0.461538 0.846154 0.111111 0.000000
0.538462 0.846154 0.111111 0.000000
0.000000 0.923077 0.111111 0.000000
0.076923 0.923077 0.111111 0.000000
0.153846 0.923077 0.111111 0.000000
0.230769 0.923077 0.111111 0.000000
0.307692 0.923077 0.111111 0.000000
0.384615 0.923077 0.111111 0.000000
0.461538 0.923077 0.111111 0.000000
0.538462 0.923077 0.111111 0.000000
0.000000 1.000000 0.111111 0.000000
0.076923 1.000000 0.111111 0.000000
0.153846 1.000000 0.111111 0.000000
0.230769 1.000000 0.111111 0.000000
0.307692 1.000000 0.111111 0.000000
0.384615 1.000000 0.111111 0.080670
0.461538 1.000000 0.111111 0.156651
0.538462 1.000000 0.111111 0.223528
0.000000 0.461538 0.222222 0.000000
0.076923 0.461538 0.222222 0.000000
0.153846 0.461538 0.222222 0.000000
0.230769 0.461538 0.222222 0.000000
0.307692 0.461538 0.222222 0.000000
0.384615 0.461538 0.222222 0.000000
0.461538 0.461538 0.222222 0.000000
0.538462 0.461538 0.222222 0.000000
0.000000 0.538462 0.222222 0.000000
0.076923 0.538462 0.222222 0.000000
0.153846 0.538462 0.222222 0.000000
0.230769 0.538462 0.222222 0.000000
0.307692 0.538462 0.222222 0.000000
0.384615 0.538462 0.222222 0.000000
0.461538 0.538462 0.222222 0.000000
0.538462 0.538462 0.222222 0.000000
0.000000 0.615385 0.222222 0.000000
0.076923 0.615385 0.222222 0.000000
0.153846 0.615385 0.222222 0.000000
0.230769 0.615385 0.222222 0.000000
0.307692 0.615385 0.222222 0.000000
0.384615 0.615385 0.222222 0.080670
0.461538 0.615385 0.222222 0.156651
0.538462 0.615385 0.222222 0.223528
0.000000 0.692308 0.222222 0.080670
0.076923 0.692308 0.222222 0.156651
0.153846 0.692308 0.222222 0.223528
0.230769 0.692308 0.222222 0.277415
0.307692 0.692308 0.222222 0.315180
0.384615 0.692308 0.222222 0.334627
0.461538 0.692308 0.222222 0.334627
0.538462 0.692308 0.222222 0.000000
0.000000 0.769231 0.222222 0.334627
0.076923 0.769231 0.222222 0.334627
0.153846 0.769231 0.222222 0.000000
0.230769 0.769231 0.222222 0.080670
0.307692 0.769231 0.222222 0.156651
0.384615 0.769231 0.222222 0.223528
0.461538 0.769231 0.222222 0.277415
0.538462 0.769231 0.222222 0.315180
0.000000 0.846154 0.222222 0.223528
0.076923 0.846154 0.222222 0.277415
0.153846 0.846154 0.222222 0.315180
0.230769 0.846154 0.222222 0.334627
0.307692 0.846154 0.222222 0.334627
0.384615 0.846154 0.222222 0.000000
0.461538 0.846154 0.222222 0.075981
0.538462 0.846154 0.222222 0.147547
0.000000 0.923077 0.222222 0.000000
0.076923 0.923077 0.222222 0.075981
0.153846 0.923077 0.222222 0.147547
0.230769 0.923077 0.222222 0.210538
0.307692 0.923077 0.222222 0.261293
0.384615 0.923077 0.222222 0.296862
0.461538 0.923077 0.222222 0.315180
0.538462 0.923077 0.222222 0.315180
0.000000 1.000000 0.222222 0.296862
0.076923 1.000000 0.222222 0.315180
0.153846 1.000000 0.222222 0.315180
0.230769 1.000000 0.222222 0.000000
0.307692 1.000000 0.222222 0.066877
0.384615 1.000000 0.222222 0.129868
0.461538 1.000000 0.222222 0.185311
0.538462 1.000000 0.222222 0.229985
0.000000 0.461538 0.333333 0.223528
0.076923 0.461538 0.333333 0.277415
0.153846 0.461538 0.333333 0.315180
0.230769 0.461538 0.333333 0.334627
0.307692 0.461538 0.333333 0.334627
0.384615 0.461538 0.333333 0.000000
0.461538 0.461538 0.333333 0.075981
0.538462 0.461538 0.333333 0.147547
0.000000 0.538462 0.333333 0.000000
0.076923 0.538462 0.333333 0.075981
0.153846 0.538462 0.333333 0.147547
0.230769 0.538462 0.333333 0.210538
0.307692 0.538462 0.333333 0.261293
0.384615 0.538462 0.333333 0.296862
0.461538 0.538462 0.333333 0.315180
0.538462 0.538462 0.333333 0.315180
0.000000 0.615385 0.333333 0.296862
0.076923 0.615385 0.333333 0.315180
0.153846 0.615385 0.333333 0.315180
0.230769 0.615385 0.333333 0.000000
0.307692 0.615385 0.333333 0.066877
0.384615 0.615385 0.333333 0.129868
0.461538 0.615385 0.333333 0.185311
0.538462 0.615385 0.333333 0.229985
0.000000 0.692308 0.333333 0.129868
0.076923 0.692308 0.333333 0.185311
0.153846 0.692308 0.333333 0.229985
0.230769 0.692308 0.333333 0.261293
0.307692 0.692308 0.333333 0.277415
0.384615 0.692308 0.333333 0.277415
0.461538 0.692308 0.333333 0.000000
0.538462 0.692308 0.333333 0.053887
0.000000 0.769231 0.333333 0.277415
0.076923 0.769231 0.333333 0.000000
0.153846 0.769231 0.333333 0.053887
0.230769 0.769231 0.333333 0.104642
0.307692 0.769231 0.333333 0.149315
0.384615 0.769231 0.333333 0.185311
0.461538 0.769231 0.333333 0.210538
0.538462 0.769231 0.333333 0.223528
0.000000 0.846154 0.333333 0.185311
0.076923 0.846154 0.333333 0.210538
0.153846 0.846154 0.333333 0.223528
0.230769 0.846154 0.333333 0.223528
0.307692 0.846154 0.333333 0.000000
0.384615 0.846154 0.333333 0.037764
0.461538 0.846154 0.333333 0.073334
0.538462 0.846154 0.333333 0.104642
0.000000 0.923077 0.333333 0.037764
0.076923 0.923077 0.333333 0.073334
0.153846 0.923077 0.333333 0.104642
0.230769 0.923077 0.333333 0.129868
0.307692 0.923077 0.333333 0.147547
0.384615 0.923077 0.333333 0.156651
0.461538 0.923077 0.333333 0.156651
0.538462 0.923077 0.333333 0.000000
0.000000 1.000000 0.333333 0.156651
0.076923 1.000000 0.333333 0.156651
0.153846 1.000000 0.333333 0.000000
0.230769 1.000000 0.333333 0.019447
0.307692 1.000000 0.333333 0.037764
0.384615 1.000000 0.333333 0.053887
0.461538 1.000000 0.333333 0.066877
0.538462 1.000000 0.333333 0.075981
0.000000 0.461538 0.444444 0.185311
0.076923 0.461538 0.444444 0.210538
0.153846 0.461538 0.444444 0.223528
0.230769 0.461538 0.444444 0.223528
0.307692 0.461538 0.444444 0.000000
0.384615 0.461538 0.444444 0.037764
0.461538 0.461538 0.444444 0.073334
0.538462 0.461538 0.444444 0.104642
0.000000 0.538462 0.444444 0.037764
0.076923 0.538462 0.444444 0.073334
0.153846 0.538462 0.444444 0.104642
0.230769 0.538462 0.444444 0.129868
0.307692 0.538462 0.444444 0.147547
0.384615 0.538462 0.444444 0.156651
0.461538 0.538462 0.444444 0.156651
0.538462 0.538462 0.444444 0.000000
0.000000 0.615385 0.444444 0.156651
0.076923 0.615385 0.444444 0.156651
0.153846 0.615385 0.444444 0.000000
0.230769 0.615385 0.444444 0.019447
0.307692 0.615385 0.444444 0.037764
0.384615 0.615385 0.444444 0.053887
0.461538 0.615385 0.444444 0.066877
0.538462 0.615385 0.444444 0.075981
0.000000 0.692308 0.444444 0.053887
0.076923 0.692308 0.444444 0.066877
0.153846 0.692308 0.444444 0.075981
0.230769 0.692308 0.444444 0.080670
0.307692 0.692308 0.444444 0.080670
0.384615 0.692308 0.444444 0.000000
0.461538 0.692308 0.444444 0.000000
0.538462 0.692308 0.444444 0.000000
0.000000 0.769231 0.444444 0.000000
0.076923 0.769231 0.444444 0.000000
0.153846 0.769231 0.444444 0.000000
0.230769 0.769231 0.444444 0.000000
0.307692 0.769231 0.444444 0.000000
0.384615 0.769231 0.444444 0.000000
0.461538 0.769231 0.444444 0.000000
0.538462 0.769231 0.444444 0.000000
0.000000 0.846154 0.444444 0.000000
0.076923 0.846154 0.444444 0.000000
0.153846 0.846154 0.444444 0.000000
0.230769 0.846154 0.444444 0.000000
0.307692 0.846154 0.444444 0.151609
0.384615 0.846154 0.444444 0.294408
0.461538 0.846154 0.444444 0.420096
0.538462 0.846154 0.444444 0.521370
0.000000 0.923077 0.444444 0.294408
0.076923 0.923077 0.444444 0.420096
0.153846 0.923077 0.444444 0.521370
0.230769 0.923077 0.444444 0.592344
0.307692 0.923077 0.444444 0.628893
0.384615 0.923077 0.444444 0.628893
0.461538 0.923077 0.444444 0.000000
0.538462 0.923077 0.444444 0.151609
0.000000 1.000000 0.444444 0.628893
0.076923 1.000000 0.444444 0.000000
0.153846 1.000000 0.444444 0.151609
0.230769 1.000000 0.444444 0.294408
0.307692 1.000000 0.444444 0.420096
0.384615 1.000000 0.444444 0.521370
0.461538 1.000000 0.444444 0.592344
0.538462 1.000000 0.444444 0.628893
0.000000 0.461538 0.555556 0.000000
0.076923 0.461538 0.555556 0.000000
0.153846 0.461538 0.555556 0.000000
0.230769 0.461538 0.555556 0.000000
0.307692 0.461538 0.555556 0.151609
0.384615 0.461538 0.555556 0.294408
0.461538 0.461538 0.555556 0.420096
0.538462 0.461538 0.555556 0.521370
0.000000 0.538462 0.555556 0.294408
0.076923 0.538462 0.555556 0.420096
0.153846 0.538462 0.555556 0.521370
0.230769 0.538462 0.555556 0.592344
0.307692 0.538462 0.555556 0.628893
0.384615 0.538462 0.555556 0.628893
0.461538 0.538462 0.555556 0.000000
0.538462 0.538462 0.555556 0.151609
0.000000 0.615385 0.555556 0.628893
0.076923 0.615385 0.555556 0.000000
0.153846 0.615385 0.555556 0.151609
0.230769 0.615385 0.555556 0.294408
0.307692 0.615385 0.555556 0.420096
0.384615 0.615385 0.555556 0.521370
0.461538 0.615385 0.555556 0.592344
0.538462 0.615385 0.555556 0.628893
0.000000 0.692308 0.555556 0.521370
0.076923 0.692308 0.555556 0.592344
0.153846 0.692308 0.555556 0.628893
0.230769 0.692308 0.555556 0.628893
0.307692 0.692308 0.555556 0.000000
0.384615 0.692308 0.555556 0.142798
0.461538 0.692308 0.555556 0.277298
0.538462 0.692308 0.555556 0.395682
0.000000 0.769231 0.555556 0.142798
0.076923 0.769231 0.555556 0.277298
0.153846 0.769231 0.555556 0.395682
0.230769 0.769231 0.555556 0.491070
0.307692 0.769231 0.555556 0.557919
0.384615 0.769231 0.555556 0.592344
0.461538 0.769231 0.555556 0.592344
0.538462 0.769231 0.555556 0.000000
0.000000 0.846154 0.555556 0.592344
0.076923 0.846154 0.555556 0.592344
0.153846 0.846154 0.555556 0.000000
0.230769 0.846154 0.555556 0.125688
0.307692 0.846154 0.555556 0.244072
0.384615 0.846154 0.555556 0.348272
0.461538 0.846154 0.555556 0.432231
0.538462 0.846154 0.555556 0.491070
0.000000 0.923077 0.555556 0.348272
0.076923 0.923077 0.555556 0.432231
0.153846 0.923077 0.555556 0.491070
0.230769 0.923077 0.555556 0.521370
0.307692 0.923077 0.555556 0.521370
0.384615 0.923077 0.555556 0.000000
0.461538 0.923077 0.555556 0.101274
0.538462 0.923077 0.555556 0.196662
0.000000 1.000000 0.555556 0.000000
0.076923 1.000000 0.555556 0.101274
0.153846 1.000000 0.555556 0.196662
0.230769 1.000000 0.555556 0.280621
0.307692 1.000000 0.555556 0.348272
0.384615 1.000000 0.555556 0.395682
0.461538 1.000000 0.555556 0.420096
0.538462 1.000000 0.555556 0.420096
0.000000 0.461538 0.666667 0.592344
0.076923 0.461538 0.666667 0.592344
0.153846 0.461538 0.666667 0.000000
0.230769 0.461538 0.666667 0.125688
0.307692 0.461538 0.666667 0.244072
0.384615 0.461538 0.666667 0.348272
0.461538 0.461538 0.666667 0.432231
0.538462 0.461538 0.666667 0.491070
0.000000 0.538462 0.666667 0.348272
0.076923 0.538462 0.666667 0.432231
0.153846 0.538462 0.666667 0.491070
0.230769 0.538462 0.666667 0.521370
0.307692 0.538462 0.666667 0.521370
0.384615 0.538462 0.666667 0.000000
0.461538 0.538462 0.666667 0.101274
0.538462 0.538462 0.666667 0.196662
0.000000 0.615385 0.666667 0.000000
0.076923 0.615385 0.666667 0.101274
0.153846 0.615385 0.666667 0.196662
0.230769 0.615385 0.666667 0.280621
0.307692 0.615385 0.666667 0.348272
0.384615 0.615385 0.666667 0.395682
0.461538 0.615385 0.666667 0.420096
0.538462 0.615385 0.666667 0.420096
0.000000 0.692308 0.666667 0.395682
0.076923 0.692308 0.666667 0.420096
0.153846 0.692308 0.666667 0.420096
0.230769 0.692308 0.666667 0.000000
0.307692 0.692308 0.666667 0.070974
0.384615 0.692308 0.666667 0.137823
0.461538 0.692308 0.666667 0.196662
0.538462 0.692308 0.666667 0.244072
0.000000 0.769231 0.666667 0.137823
0.076923 0.769231 0.666667 0.196662
0.153846 0.769231 0.666667 0.244072
0.230769 0.769231 0.666667 0.277298
0.307692 0.769231 0.666667 0.294408
0.384615 0.769231 0.666667 0.294408
0.461538 0.769231 0.666667 0.000000
0.538462 0.769231 0.666667 0.036549
0.000000 0.846154 0.666667 0.294408
0.076923 0.846154 0.666667 0.000000
0.153846 0.846154 0.666667 0.036549
0.230769 0.846154 0.666667 0.070974
0.307692 0.846154 0.666667 0.101274
0.384615 0.846154 0.666667 0.125688
0.461538 0.846154 0.666667 0.142798
0.538462 0.846154 0.666667 0.151609
0.000000 0.923077 0.666667 0.125688
0.076923 0.923077 0.666667 0.142798
0.153846 0.923077 0.666667 0.151609
0.230769 0.923077 0.666667 0.151609
0.307692 0.923077 0.666667 0.000000
0.384615 0.923077 0.666667 0.000000
0.461538 0.923077 0.666667 0.000000
0.538462 0.923077 0.666667 0.000000
0.000000 1.000000 0.666667 0.000000
0.076923 1.000000 0.666667 0.000000
0.153846 1.000000 0.666667 0.000000
0.230769 1.000000 0.666667 0.000000
0.307692 1.000000 0.666667 0.000000
0.384615 1.000000 0.666667 0.000000
0.461538 1.000000 0.666667 0.000000
0.538462 1.000000 0.666667 0.000000
0.000000 0.461538 0.777778 0.294408
0.076923 0.461538 0.777778 0.000000
0.153846 0.461538 0.777778 0.036549
0.230769 0.461538 0.777778 0.070974
0.307692 0.461538 0.777778 0.101274
0.384615 0.461538 0.777778 0.125688
0.461538 0.461538 0.777778 0.142798
0.538462 0.461538 0.777778 0.151609
0.000000 0.538462 0.777778 0.125688
0.076923 0.538462 0.777778 0.142798
0.153846 0.538462 0.777778 0.151609
0.230769 0.538462 0.777778 0.151609
0.307692 0.538462 0.777778 0.000000
0.384615 0.538462 0.777778 0.000000
0.461538 0.538462 0.777778 0.000000
0.538462 0.538462 0.777778 0.000000
0.000000 0.615385 0.777778 0.000000
0.076923 0.615385 0.777778 0.000000
0.153846 0.615385 0.777778 0.000000
0.230769 0.615385 0.777778 0.000000
0.307692 0.615385 0.777778 0.000000
0.384615 0.615385 0.777778 0.000000
0.461538 0.615385 0.777778 0.000000
0.538462 0.615385 0.777778 0.000000
0.000000 0.692308 0.777778 0.000000
0.076923 0.692308 0.777778 0.000000
0.153846 0.692308 0.777778 0.000000
0.230769 0.692308 0.777778 0.204263
0.307692 0.692308 0.777778 0.396654
0.384615 0.692308 0.777778 0.565994
0.461538 0.692308 0.777778 0.702440
0.538462 0.692308 0.777778 0.798063
0.000000 0.769231 0.777778 0.565994
0.076923 0.769231 0.777778 0.702440
0.153846 0.769231 0.777778 0.798063
0.230769 0.769231 0.777778 0.847305
0.307692 0.769231 0.777778 0.847305
0.384615 0.769231 0.777778 0.000000
0.461538 0.769231 0.777778 0.204263
0.538462 0.769231 0.777778 0.396654
0.000000 0.846154 0.777778 0.000000
0.076923 0.846154 0.777778 0.204263
0.153846 0.846154 0.777778 0.396654
0.230769 0.846154 0.777778 0.565994
0.307692 0.846154 0.777778 0.702440
0.384615 0.846154 0.777778 0.798063
0.461538 0.846154 0.777778 0.847305
0.538462 0.846154 0.777778 0.847305
0.000000 0.923077 0.777778 0.798063
0.076923 0.923077 0.777778 0.847305
0.153846 0.923077 0.777778 0.847305
0.230769 0.923077 0.777778 0.000000
0.307692 0.923077 0.777778 0.192392
0.384615 0.923077 0.777778 0.373602
0.461538 0.923077 0.777778 0.533100
0.538462 0.923077 0.777778 0.661617
0.000000 1.000000 0.777778 0.373602
0.076923 1.000000 0.777778 0.533100
0.153846 1.000000 0.777778 0.661617
0.230769 1.000000 0.777778 0.751682
0.307692 1.000000 0.777778 0.798063
0.384615 1.000000 0.777778 0.798063
0.461538 1.000000 0.777778 0.000000
0.538462 1.000000 0.777778 0.169340
0.000000 0.461538 0.888889 0.000000
0.076923 0.461538 0.888889 0.204263
0.153846 0.461538 0.888889 0.396654
0.230769 0.461538 0.888889 0.565994
0.307692 0.461538 0.888889 0.702440
0.384615 0.461538 0.888889 0.798063
0.461538 0.461538 0.888889 0.847305
0.538462 0.461538 0.888889 0.847305
0.000000 0.538462 0.888889 0.798063
0.076923 0.538462 0.888889 0.847305
0.153846 0.538462 0.888889 0.847305
0.230769 0.538462 0.888889 0.000000
0.307692 0.538462 0.888889 0.192392
0.384615 0.538462 0.888889 0.373602
0.461538 0.538462 0.888889 0.533100
0.538462 0.538462 0.888889 0.661617
0.000000 0.615385 0.888889 0.373602
0.076923 0.615385 0.888889 0.533100
0.153846 0.615385 0.888889 0.661617
0.230769 0.615385 0.888889 0.751682
0.307692 0.615385 0.888889 0.798063
0.384615 0.615385 0.888889 0.798063
0.461538 0.615385 0.888889 0.000000
0.538462 0.615385 0.888889 0.169340
0.000000 0.692308 0.888889 0.798063
0.076923 0.692308 0.888889 0.000000
0.153846 0.692308 0.888889 0.169340
0.230769 0.692308 0.888889 0.328838
0.307692 0.692308 0.888889 0.469225
0.384615 0.692308 0.888889 0.582343
0.461538 0.692308 0.888889 0.661617
0.538462 0.692308 0.888889 0.702440
0.000000 0.769231 0.888889 0.582343
0.076923 0.769231 0.888889 0.661617
0.153846 0.769231 0.888889 0.702440
0.230769 0.769231 0.888889 0.702440
0.307692 0.769231 0.888889 0.000000
0.384615 0.769231 0.888889 0.136446
0.461538 0.769231 0.888889 0.264962
0.538462 0.769231 0.888889 0.378080
0.000000 0.846154 0.888889 0.136446
0.076923 0.846154 0.888889 0.264962
0.153846 0.846154 0.888889 0.378080
0.230769 0.846154 0.888889 0.469225
0.307692 0.846154 0.888889 0.533100
0.384615 0.846154 0.888889 0.565994
0.461538 0.846154 0.888889 0.565994
0.538462 0.846154 0.888889 0.000000
0.000000 0.923077 0.888889 0.565994
0.076923 0.923077 0.888889 0.565994
0.153846 0.923077 0.888889 0.000000
0.230769 0.923077 0.888889 0.095623
0.307692 0.923077 0.888889 0.185688
0.384615 0.923077 0.888889 0.264962
0.461538 0.923077 0.888889 0.328838
0.538462 0.923077 0.888889 0.373602
0.000000 1.000000 0.888889 0.264962
0.076923 1.000000 0.888889 0.328838
0.153846 1.000000 0.888889 0.373602
0.230769 1.000000 0.888889 0.396654
0.307692 1.000000 0.888889 0.396654
0.384615 1.000000 0.888889 0.000000
0.461538 1.000000 0.888889 0.049242
0.538462 1.000000 0.888889 0.095623
0.000000 0.461538 1.000000 0.136446
0.076923 0.461538 1.000000 0.264962
0.153846 0.461538 1.000000 0.378080
0.230769 0.461538 1.000000 0.469225
0.307692 0.461538 1.000000 0.533100
0.384615 0.461538 1.000000 0.565994
0.461538 0.461538 1.000000 0.565994
0.538462 0.461538 1.000000 0.000000
0.000000 0.538462 1.000000 0.565994
0.076923 0.538462 1.000000 0.565994
0.153846 0.538462 1.000000 0.000000
0.230769 0.538462 1.000000 0.095623
0.307692 0.538462 1.000000 0.185688
0.384615 0.538462 1.000000 0.264962
0.461538 0.538462 1.000000 0.328838
0.538462 0.538462 1.000000 0.373602
0.000000 0.615385 1.000000 0.264962
0.076923 0.615385 1.000000 0.328838
0.153846 0.615385 1.000000 0.373602
0.230769 0.615385 1.000000 0.396654
0.307692 0.615385 1.000000 0.396654
0.384615 0.615385 1.000000 0.000000
0.461538 0.615385 1.000000 0.049242
0.538462 0.615385 1.000000 0.095623
0.000000 0.692308 1.000000 0.000000
0.076923 0.692308 1.000000 0.049242
0.153846 0.692308 1.000000 0.095623
0.230769 0.692308 1.000000 0.136446
0.307692 0.692308 1.000000 0.169340
0.384615 0.692308 1.000000 0.192392
0.461538 0.692308 1.000000 0.204263
0.538462 0.692308 1.000000 0.204263
0.000000 0.769231 1.000000 0.192392
0.076923 0.769231 1.000000 0.204263
0.153846 0.769231 1.000000 0.204263
0.230769 0.769231 1.000000 0.000000
0.307692 0.769231 1.000000 0.000000
0.384615 0.769231 1.000000 0.000000
0.461538 0.769231 1.000000 0.000000
0.538462 0.769231 1.000000 0.000000
0.000000 0.846154 1.000000 0.000000
0.076923 0.846154 1.000000 0.000000
0.153846 0.846154 1.000000 0.000000
0.230769 0.846154 1.000000 0.000000
0.307692 0.846154 1.000000 0.000000
0.384615 0.846154 1.000000 0.000000
0.461538 0.846154 1.000000 0.000000
0.538462 0.846154 1.000000 0.232279
0.000000 0.923077 1.000000 0.000000
0.076923 0.923077 1.000000 0.000000
0.153846 0.923077 1.000000 0.232279
0.230769 0.923077 1.000000 0.451059
0.307692 0.923077 1.000000 0.643624
0.384615 0.923077 1.000000 0.798785
0.461538 0.923077 1.000000 0.907523
0.538462 0.923077 1.000000 0.963520
0.000000 1.000000 1.000000 0.798785
0.076923 1.000000 1.000000 0.907523
0.153846 1.000000 1.000000 0.963520
0.230769 1.000000 1.000000 0.963520
0.307692 1.000000 1.000000 0.000000
0.384615 1.000000 1.000000 0.232279
0.461538 1.000000 1.000000 0.451059
0.538462 1.000000 1.000000 0.643624
