0.461538 0.000000 0.000000 0.000000
0.538462 0.000000 0.000000 0.000000
0.615385 0.000000 0.000000 0.000000
0.692308 0.000000 0.000000 0.000000
0.769231 0.000000 0.000000 0.000000
0.846154 0.000000 0.000000 0.000000
0.923077 0.000000 0.000000 0.000000
1.000000 0.000000 0.000000 0.000000
0.461538 0.076923 0.000000 0.000000
0.538462 0.076923 0.000000 0.000000
0.615385 0.076923 0.000000 0.000000
0.692308 0.076923 0.000000 0.000000
0.769231 0.076923 0.000000 0.000000
0.846154 0.076923 0.000000 0.000000
0.923077 0.076923 0.000000 0.000000
1.000000 0.076923 0.000000 0.000000
0.461538 0.153846 0.000000 0.000000
0.538462 0.153846 0.000000 0.000000
0.615385 0.153846 0.000000 0.000000
0.692308 0.153846 0.000000 0.000000
0.769231 0.153846 0.000000 0.000000
0.846154 0.153846 0.000000 0.000000
0.923077 0.153846 0.000000 0.000000
1.000000 0.153846 0.000000 0.000000
0.461538 0.230769 0.000000 0.000000
0.538462 0.230769 0.000000 0.000000
0.615385 0.230769 0.000000 0.000000
0.692308 0.230769 0.000000 0.000000
0.769231 0.230769 0.000000 0.000000
0.846154 0.230769 0.000000 0.000000
0.923077 0.230769 0.000000 0.000000
1.000000 0.230769 0.000000 0.000000
0.461538 0.307692 0.000000 0.000000
0.538462 0.307692 0.000000 0.000000
0.615385 0.307692 0.000000 0.000000
0.692308 0.307692 0.000000 0.000000
0.769231 0.307692 0.000000 0.000000
0.846154 0.307692 0.000000 0.000000
0.923077 0.307692 0.000000 0.000000
1.000000 0.307692 0.000000 0.000000
0.461538 0.384615 0.000000 0.000000
0.538462 0.384615 0.000000 0.000000
0.615385 0.384615 0.000000 0.000000
0.692308 0.384615 0.000000 0.000000
0.769231 0.384615 0.000000 0.000000
0.846154 0.384615 0.000000 0.000000
0.923077 0.384615 0.000000 0.000000
1.000000 0.384615 0.000000 0.000000
0.461538 0.461538 0.000000 0.000000
0.538462 0.461538 0.000000 0.000000
0.615385 0.461538 0.000000 0.000000
0.692308 0.461538 0.000000 0.000000
0.769231 0.461538 0.000000 0.000000
0.846154 0.461538 0.000000 0.000000
0.923077 0.461538 0.000000 0.000000
1.000000 0.461538 0.000000 0.000000
0.461538 0.538462 0.000000 0.000000
0.538462 0.538462 0.000000 0.000000
0.615385 0.538462 0.000000 0.000000
0.692308 0.538462 0.000000 0.000000
0.769231 0.538462 0.000000 0.000000
0.846154 0.538462 0.000000 0.000000
0.923077 0.538462 0.000000 0.000000
1.000000 0.538462 0.000000 0.000000
0.461538 0.000000 0.111111 0.000000
0.538462 0.000000 0.111111 0.000000
0.615385 0.000000 0.111111 0.000000
0.692308 0.000000 0.111111 0.000000
0.769231 0.000000 0.111111 0.000000
0.846154 0.000000 0.111111 0.000000
0.923077 0.000000 0.111111 0.000000
1.000000 0.000000 0.111111 0.000000
0.461538 0.076923 0.111111 0.000000
0.538462 0.076923 0.111111 0.000000
0.615385 0.076923 0.111111 0.000000
0.692308 0.076923 0.111111 0.000000
0.769231 0.076923 0.111111 0.000000
0.846154 0.076923 0.111111 0.000000
0.923077 0.076923 0.111111 0.000000
1.000000 0.076923 0.111111 0.000000
0.461538 0.153846 0.111111 0.000000
0.538462 0.153846 0.111111 0.000000
0.615385 0.153846 0.111111 0.000000
0.692308 0.153846 0.111111 0.000000
0.769231 0.153846 0.111111 0.000000
0.846154 0.153846 0.111111 0.000000
0.923077 0.153846 0.111111 0.000000
1.000000 0.153846 0.111111 0.000000
0.461538 0.230769 0.111111 0.000000
0.538462 0.230769 0.111111 0.000000
0.615385 0.230769 0.111111 0.000000
0.692308 0.230769 0.111111 0.000000
0.769231 0.230769 0.111111 0.000000
0.846154 0.230769 0.111111 0.000000
0.923077 0.230769 0.111111 0.000000
1.000000 0.230769 0.111111 0.000000
0.461538 0.307692 0.111111 0.000000
0.538462 0.307692 0.111111 0.000000
0.615385 0.307692 0.111111 0.000000
0.692308 0.307692 0.111111 0.000000
0.769231 0.307692 0.111111 0.000000
0.846154 0.307692 0.111111 0.000000
0.923077 0.307692 0.111111 0.000000
1.000000 0.307692 0.111111 0.000000
0.461538 0.384615 0.111111 0.000000
0.538462 0.384615 0.111111 0.000000
0.615385 0.384615 0.111111 0.000000
0.692308 0.384615 0.111111 0.000000
0.769231 0.384615 0.111111 0.000000
0.846154 0.384615 0.111111 0.000000
0.923077 0.384615 0.111111 0.000000
1.000000 0.384615 0.111111 0.000000
0.461538 0.461538 0.111111 0.000000
0.538462 0.461538 0.111111 0.000000
0.615385 0.461538 0.111111 0.000000
0.692308 0.461538 0.111111 0.000000
0.769231 0.461538 0.111111 0.000000
0.846154 0.461538 0.111111 0.000000
0.923077 0.461538 0.111111 0.000000
1.000000 0.461538 0.111111 0.000000
0.461538 0.538462 0.111111 0.000000
0.538462 0.538462 0.111111 0.000000
0.615385 0.538462 0.111111 0.000000
0.692308 0.538462 0.111111 0.000000
0.769231 0.538462 0.111111 0.000000
0.846154 0.538462 0.111111 0.000000
0.923077 0.538462 0.111111 0.000000
1.000000 0.538462 0.111111 0.000000
0.461538 0.000000 0.222222 0.000000
0.538462 0.000000 0.222222 0.000000
0.615385 0.000000 0.222222 0.000000
0.692308 0.000000 0.222222 0.000000
0.769231 0.000000 0.222222 0.000000
0.846154 0.000000 0.222222 0.000000
0.923077 0.000000 0.222222 0.000000
1.000000 0.000000 0.222222 0.000000
0.461538 0.076923 0.222222 0.000000
0.538462 0.076923 0.222222 0.000000
0.615385 0.076923 0.222222 0.000000
0.692308 0.076923 0.222222 0.000000
0.769231 0.076923 0.222222 0.000000
0.846154 0.076923 0.222222 0.000000
0.923077 0.076923 0.222222 0.000000
1.000000 0.076923 0.222222 0.000000
0.461538 0.153846 0.222222 0.000000
0.538462 0.153846 0.222222 0.000000
0.615385 0.153846 0.222222 0.000000
0.692308 0.153846 0.222222 0.000000
0.769231 0.153846 0.222222 0.000000
0.846154 0.153846 0.222222 0.000000
0.923077 0.153846 0.222222 0.000000
1.000000 0.153846 0.222222 0.000000
0.461538 0.230769 0.222222 0.000000
0.538462 0.230769 0.222222 0.000000
0.615385 0.230769 0.222222 0.000000
0.692308 0.230769 0.222222 0.000000
0.769231 0.230769 0.222222 0.000000
0.846154 0.230769 0.222222 0.000000
0.923077 0.230769 0.222222 0.000000
1.000000 0.230769 0.222222 0.080670
0.461538 0.307692 0.222222 0.000000
0.538462 0.307692 0.222222 0.000000
0.615385 0.307692 0.222222 0.080670
0.692308 0.307692 0.222222 0.080670
0.769231 0.307692 0.222222 0.075981
0.846154 0.307692 0.222222 0.066877
0.923077 0.307692 0.222222 0.053887
1.000000 0.307692 0.222222 0.037764
0.461538 0.384615 0.222222 0.066877
0.538462 0.384615 0.222222 0.053887
0.615385 0.384615 0.222222 0.037764
0.692308 0.384615 0.222222 0.019447
0.769231 0.384615 0.222222 0.000000
0.846154 0.384615 0.222222 0.156651
0.923077 0.384615 0.222222 0.156651
1.000000 0.384615 0.222222 0.147547
0.461538 0.461538 0.222222 0.156651
0.538462 0.461538 0.222222 0.156651
0.615385 0.461538 0.222222 0.147547
0.692308 0.461538 0.222222 0.129868
0.769231 0.461538 0.222222 0.104642
0.846154 0.461538 0.222222 0.073334
0.923077 0.461538 0.222222 0.037764
1.000000 0.461538 0.222222 0.000000
0.461538 0.538462 0.222222 0.073334
0.538462 0.538462 0.222222 0.037764
0.615385 0.538462 0.222222 0.000000
0.692308 0.538462 0.222222 0.223528
0.769231 0.538462 0.222222 0.223528
0.846154 0.538462 0.222222 0.210538
0.923077 0.538462 0.222222 0.185311
1.000000 0.538462 0.222222 0.149315
0.461538 0.000000 0.333333 0.066877
0.538462 0.000000 0.333333 0.053887
0.615385 0.000000 0.333333 0.037764
0.692308 0.000000 0.333333 0.019447
0.769231 0.000000 0.333333 0.000000
0.846154 0.000000 0.333333 0.156651
0.923077 0.000000 0.333333 0.156651
1.000000 0.000000 0.333333 0.147547
0.461538 0.076923 0.333333 0.156651
0.538462 0.076923 0.333333 0.156651
0.615385 0.076923 0.333333 0.147547
0.692308 0.076923 0.333333 0.129868
0.769231 0.076923 0.333333 0.104642
0.846154 0.076923 0.333333 0.073334
0.923077 0.076923 0.333333 0.037764
1.000000 0.076923 0.333333 0.000000
0.461538 0.153846 0.333333 0.073334
0.538462 0.153846 0.333333 0.037764
0.615385 0.153846 0.333333 0.000000
0.692308 0.153846 0.333333 0.223528
0.769231 0.153846 0.333333 0.223528
0.846154 0.153846 0.333333 0.210538
0.923077 0.153846 0.333333 0.185311
1.000000 0.153846 0.333333 0.149315
0.461538 0.230769 0.333333 0.210538
0.538462 0.230769 0.333333 0.185311
0.615385 0.230769 0.333333 0.149315
0.692308 0.230769 0.333333 0.104642
0.769231 0.230769 0.333333 0.053887
0.846154 0.230769 0.333333 0.000000
0.923077 0.230769 0.333333 0.277415
1.000000 0.230769 0.333333 0.277415
0.461538 0.307692 0.333333 0.000000
0.538462 0.307692 0.333333 0.277415
0.615385 0.307692 0.333333 0.277415
0.692308 0.307692 0.333333 0.261293
0.769231 0.307692 0.333333 0.229985
0.846154 0.307692 0.333333 0.185311
0.923077 0.307692 0.333333 0.129868
1.000000 0.307692 0.333333 0.066877
0.461538 0.384615 0.333333 0.185311
0.538462 0.384615 0.333333 0.129868
0.615385 0.384615 0.333333 0.066877
0.692308 0.384615 0.333333 0.000000
0.769231 0.384615 0.333333 0.315180
0.846154 0.384615 0.333333 0.315180
0.923077 0.384615 0.333333 0.296862
1.000000 0.384615 0.333333 0.261293
0.461538 0.461538 0.333333 0.315180
0.538462 0.461538 0.333333 0.296862
0.615385 0.461538 0.333333 0.261293
0.692308 0.461538 0.333333 0.210538
0.769231 0.461538 0.333333 0.147547
0.846154 0.461538 0.333333 0.075981
0.923077 0.461538 0.333333 0.000000
1.000000 0.461538 0.333333 0.334627
0.461538 0.538462 0.333333 0.075981
0.538462 0.538462 0.333333 0.000000
0.615385 0.538462 0.333333 0.334627
0.692308 0.538462 0.333333 0.334627
0.769231 0.538462 0.333333 0.315180
0.846154 0.538462 0.333333 0.277415
0.923077 0.538462 0.333333 0.223528
1.000000 0.538462 0.333333 0.156651
0.461538 0.000000 0.444444 0.185311
0.538462 0.000000 0.444444 0.129868
0.615385 0.000000 0.444444 0.066877
0.692308 0.000000 0.444444 0.000000
0.769231 0.000000 0.444444 0.315180
0.846154 0.000000 0.444444 0.315180
0.923077 0.000000 0.444444 0.296862
1.000000 0.000000 0.444444 0.261293
0.461538 0.076923 0.444444 0.315180
0.538462 0.076923 0.444444 0.296862
0.615385 0.076923 0.444444 0.261293
0.692308 0.076923 0.444444 0.210538
0.769231 0.076923 0.444444 0.147547
0.846154 0.076923 0.444444 0.075981
0.923077 0.076923 0.444444 0.000000
1.000000 0.076923 0.444444 0.334627
0.461538 0.153846 0.444444 0.075981
0.538462 0.153846 0.444444 0.000000
0.615385 0.153846 0.444444 0.334627
0.692308 0.153846 0.444444 0.334627
0.769231 0.153846 0.444444 0.315180
0.846154 0.153846 0.444444 0.277415
0.923077 0.153846 0.444444 0.223528
1.000000 0.153846 0.444444 0.156651
0.461538 0.230769 0.444444 0.277415
0.538462 0.230769 0.444444 0.223528
0.615385 0.230769 0.444444 0.156651
0.692308 0.230769 0.444444 0.080670
0.769231 0.230769 0.444444 0.000000
0.846154 0.230769 0.444444 0.334627
0.923077 0.230769 0.444444 0.334627
1.000000 0.230769 0.444444 0.315180
0.461538 0.307692 0.444444 0.334627
0.538462 0.307692 0.444444 0.334627
0.615385 0.307692 0.444444 0.315180
0.692308 0.307692 0.444444 0.277415
0.769231 0.307692 0.444444 0.223528
0.846154 0.307692 0.444444 0.156651
0.923077 0.307692 0.444444 0.080670
1.000000 0.307692 0.444444 0.000000
0.461538 0.384615 0.444444 0.156651
0.538462 0.384615 0.444444 0.080670
0.615385 0.384615 0.444444 0.000000
0.692308 0.384615 0.444444 0.000000
0.769231 0.384615 0.444444 0.000000
0.846154 0.384615 0.444444 0.000000
0.923077 0.384615 0.444444 0.000000
1.000000 0.384615 0.444444 0.000000
0.461538 0.461538 0.444444 0.000000
0.538462 0.461538 0.444444 0.000000
0.615385 0.461538 0.444444 0.000000
0.692308 0.461538 0.444444 0.000000
0.769231 0.461538 0.444444 0.000000
0.846154 0.461538 0.444444 0.000000
0.923077 0.461538 0.444444 0.151609
1.000000 0.461538 0.444444 0.151609
0.461538 0.538462 0.444444 0.000000
0.538462 0.538462 0.444444 0.151609
0.615385 0.538462 0.444444 0.151609
0.692308 0.538462 0.444444 0.142798
0.769231 0.538462 0.444444 0.125688
0.846154 0.538462 0.444444 0.101274
0.923077 0.538462 0.444444 0.070974
1.000000 0.538462 0.444444 0.036549
0.461538 0.000000 0.555556 0.156651
0.538462 0.000000 0.555556 0.080670
0.615385 0.000000 0.555556 0.000000
0.692308 0.000000 0.555556 0.000000
0.769231 0.000000 0.555556 0.000000
0.846154 0.000000 0.555556 0.000000
0.923077 0.000000 0.555556 0.000000
1.000000 0.000000 0.555556 0.000000
0.461538 0.076923 0.555556 0.000000
0.538462 0.076923 0.555556 0.000000
0.615385 0.076923 0.555556 0.000000
0.692308 0.076923 0.555556 0.000000
0.769231 0.076923 0.555556 0.000000
0.846154 0.076923 0.555556 0.000000
0.923077 0.076923 0.555556 0.151609
1.000000 0.076923 0.555556 0.151609
0.461538 0.153846 0.555556 0.000000
0.538462 0.153846 0.555556 0.151609
0.615385 0.153846 0.555556 0.151609
0.692308 0.153846 0.555556 0.142798
0.769231 0.153846 0.555556 0.125688
0.846154 0.153846 0.555556 0.101274
0.923077 0.153846 0.555556 0.070974
1.000000 0.153846 0.555556 0.036549
0.461538 0.230769 0.555556 0.101274
0.538462 0.230769 0.555556 0.070974
0.615385 0.230769 0.555556 0.036549
0.692308 0.230769 0.555556 0.000000
0.769231 0.230769 0.555556 0.294408
0.846154 0.230769 0.555556 0.294408
0.923077 0.230769 0.555556 0.277298
1.000000 0.230769 0.555556 0.244072
0.461538 0.307692 0.555556 0.294408
0.538462 0.307692 0.555556 0.277298
0.615385 0.307692 0.555556 0.244072
0.692308 0.307692 0.555556 0.196662
0.769231 0.307692 0.555556 0.137823
0.846154 0.307692 0.555556 0.070974
0.923077 0.307692 0.555556 0.000000
1.000000 0.307692 0.555556 0.420096
0.461538 0.384615 0.555556 0.070974
0.538462 0.384615 0.555556 0.000000
0.615385 0.384615 0.555556 0.420096
0.692308 0.384615 0.555556 0.420096
0.769231 0.384615 0.555556 0.395682
0.846154 0.384615 0.555556 0.348272
0.923077 0.384615 0.555556 0.280621
1.000000 0.384615 0.555556 0.196662
0.461538 0.461538 0.555556 0.348272
0.538462 0.461538 0.555556 0.280621
0.615385 0.461538 0.555556 0.196662
0.692308 0.461538 0.555556 0.101274
0.769231 0.461538 0.555556 0.000000
0.846154 0.461538 0.555556 0.521370
0.923077 0.461538 0.555556 0.521370
1.000000 0.461538 0.555556 0.491070
0.461538 0.538462 0.555556 0.521370
0.538462 0.538462 0.555556 0.521370
0.615385 0.538462 0.555556 0.491070
0.692308 0.538462 0.555556 0.432231
0.769231 0.538462 0.555556 0.348272
0.846154 0.538462 0.555556 0.244072
0.923077 0.538462 0.555556 0.125688
1.000000 0.538462 0.555556 0.000000
0.461538 0.000000 0.666667 0.070974
0.538462 0.000000 0.666667 0.000000
0.615385 0.000000 0.666667 0.420096
0.692308 0.000000 0.666667 0.420096
0.769231 0.000000 0.666667 0.395682
0.846154 0.000000 0.666667 0.348272
0.923077 0.000000 0.666667 0.280621
1.000000 0.000000 0.666667 0.196662
0.461538 0.076923 0.666667 0.348272
0.538462 0.076923 0.666667 0.280621
0.615385 0.076923 0.666667 0.196662
0.692308 0.076923 0.666667 0.101274
0.769231 0.076923 0.666667 0.000000
0.846154 0.076923 0.666667 0.521370
0.923077 0.076923 0.666667 0.521370
1.000000 0.076923 0.666667 0.491070
0.461538 0.153846 0.666667 0.521370
0.538462 0.153846 0.666667 0.521370
0.615385 0.153846 0.666667 0.491070
0.692308 0.153846 0.666667 0.432231
0.769231 0.153846 0.666667 0.348272
0.846154 0.153846 0.666667 0.244072
0.923077 0.153846 0.666667 0.125688
1.000000 0.153846 0.666667 0.000000
0.461538 0.230769 0.666667 0.244072
0.538462 0.230769 0.666667 0.125688
0.615385 0.230769 0.666667 0.000000
0.692308 0.230769 0.666667 0.592344
0.769231 0.230769 0.666667 0.592344
0.846154 0.230769 0.666667 0.557919
0.923077 0.230769 0.666667 0.491070
1.000000 0.230769 0.666667 0.395682
0.461538 0.307692 0.666667 0.557919
0.538462 0.307692 0.666667 0.491070
0.615385 0.307692 0.666667 0.395682
0.692308 0.307692 0.666667 0.277298
0.769231 0.307692 0.666667 0.142798
0.846154 0.307692 0.666667 0.000000
0.923077 0.307692 0.666667 0.628893
1.000000 0.307692 0.666667 0.628893
0.461538 0.384615 0.666667 0.000000
0.538462 0.384615 0.666667 0.628893
0.615385 0.384615 0.666667 0.628893
0.692308 0.384615 0.666667 0.592344
0.769231 0.384615 0.666667 0.521370
0.846154 0.384615 0.666667 0.420096
0.923077 0.384615 0.666667 0.294408
1.000000 0.384615 0.666667 0.151609
0.461538 0.461538 0.666667 0.420096
0.538462 0.461538 0.666667 0.294408
0.615385 0.461538 0.666667 0.151609
0.692308 0.461538 0.666667 0.000000
0.769231 0.461538 0.666667 0.628893
0.846154 0.461538 0.666667 0.628893
0.923077 0.461538 0.666667 0.592344
1.000000 0.461538 0.666667 0.521370
0.461538 0.538462 0.666667 0.628893
0.538462 0.538462 0.666667 0.592344
0.615385 0.538462 0.666667 0.521370
0.692308 0.538462 0.666667 0.420096
0.769231 0.538462 0.666667 0.294408
0.846154 0.538462 0.666667 0.151609
0.923077 0.538462 0.666667 0.000000
1.000000 0.538462 0.666667 0.000000
0.461538 0.000000 0.777778 0.000000
0.538462 0.000000 0.777778 0.628893
0.615385 0.000000 0.777778 0.628893
0.692308 0.000000 0.777778 0.592344
0.769231 0.000000 0.777778 0.521370
0.846154 0.000000 0.777778 0.420096
0.923077 0.000000 0.777778 0.294408
1.000000 0.000000 0.777778 0.151609
0.461538 0.076923 0.777778 0.420096
0.538462 0.076923 0.777778 0.294408
0.615385 0.076923 0.777778 0.151609
0.692308 0.076923 0.777778 0.000000
0.769231 0.076923 0.777778 0.628893
0.846154 0.076923 0.777778 0.628893
0.923077 0.076923 0.777778 0.592344
1.000000 0.076923 0.777778 0.521370
0.461538 0.153846 0.777778 0.628893
0.538462 0.153846 0.777778 0.592344
0.615385 0.153846 0.777778 0.521370
0.692308 0.153846 0.777778 0.420096
0.769231 0.153846 0.777778 0.294408
0.846154 0.153846 0.777778 0.151609
0.923077 0.153846 0.777778 0.000000
1.000000 0.153846 0.777778 0.000000
0.461538 0.230769 0.777778 0.151609
0.538462 0.230769 0.777778 0.000000
0.615385 0.230769 0.777778 0.000000
0.692308 0.230769 0.777778 0.000000
0.769231 0.230769 0.777778 0.000000
0.846154 0.230769 0.777778 0.000000
0.923077 0.230769 0.777778 0.000000
1.000000 0.230769 0.777778 0.000000
0.461538 0.307692 0.777778 0.000000
0.538462 0.307692 0.777778 0.000000
0.615385 0.307692 0.777778 0.000000
0.692308 0.307692 0.777778 0.000000
0.769231 0.307692 0.777778 0.000000
0.846154 0.307692 0.777778 0.204263
0.923077 0.307692 0.777778 0.204263
1.000000 0.307692 0.777778 0.192392
0.461538 0.384615 0.777778 0.204263
0.538462 0.384615 0.777778 0.204263
0.615385 0.384615 0.777778 0.192392
0.692308 0.384615 0.777778 0.169340
0.769231 0.384615 0.777778 0.136446
0.846154 0.384615 0.777778 0.095623
0.923077 0.384615 0.777778 0.049242
1.000000 0.384615 0.777778 0.000000
0.461538 0.461538 0.777778 0.095623
0.538462 0.461538 0.777778 0.049242
0.615385 0.461538 0.777778 0.000000
0.692308 0.461538 0.777778 0.396654
0.769231 0.461538 0.777778 0.396654
0.846154 0.461538 0.777778 0.373602
0.923077 0.461538 0.777778 0.328838
1.000000 0.461538 0.777778 0.264962
0.461538 0.538462 0.777778 0.373602
0.538462 0.538462 0.777778 0.328838
0.615385 0.538462 0.777778 0.264962
0.692308 0.538462 0.777778 0.185688
0.769231 0.538462 0.777778 0.095623
0.846154 0.538462 0.777778 0.000000
0.923077 0.538462 0.777778 0.565994
1.000000 0.538462 0.777778 0.565994
0.461538 0.000000 0.888889 0.204263
0.538462 0.000000 0.888889 0.204263
0.615385 0.000000 0.888889 0.192392
0.692308 0.000000 0.888889 0.169340
0.769231 0.000000 0.888889 0.136446
0.846154 0.000000 0.888889 0.095623
0.923077 0.000000 0.888889 0.049242
1.000000 0.000000 0.888889 0.000000
0.461538 0.076923 0.888889 0.095623
0.538462 0.076923 0.888889 0.049242
0.615385 0.076923 0.888889 0.000000
0.692308 0.076923 0.888889 0.396654
0.769231 0.076923 0.888889 0.396654
0.846154 0.076923 0.888889 0.373602
0.923077 0.076923 0.888889 0.328838
1.000000 0.076923 0.888889 0.264962
0.461538 0.153846 0.888889 0.373602
0.538462 0.153846 0.888889 0.328838
0.615385 0.153846 0.888889 0.264962
0.692308 0.153846 0.888889 0.185688
0.769231 0.153846 0.888889 0.095623
0.846154 0.153846 0.888889 0.000000
0.923077 0.153846 0.888889 0.565994
1.000000 0.153846 0.888889 0.565994
0.461538 0.230769 0.888889 0.000000
0.538462 0.230769 0.888889 0.565994
0.615385 0.230769 0.888889 0.565994
0.692308 0.230769 0.888889 0.533100
0.769231 0.230769 0.888889 0.469225
0.846154 0.230769 0.888889 0.378080
0.923077 0.230769 0.888889 0.264962
1.000000 0.230769 0.888889 0.136446
0.461538 0.307692 0.888889 0.378080
0.538462 0.307692 0.888889 0.264962
0.615385 0.307692 0.888889 0.136446
0.692308 0.307692 0.888889 0.000000
0.769231 0.307692 0.888889 0.702440
0.846154 0.307692 0.888889 0.702440
0.923077 0.307692 0.888889 0.661617
1.000000 0.307692 0.888889 0.582343
0.461538 0.384615 0.888889 0.702440
0.538462 0.384615 0.888889 0.661617
0.615385 0.384615 0.888889 0.582343
0.692308 0.384615 0.888889 0.469225
0.769231 0.384615 0.888889 0.328838
0.846154 0.384615 0.888889 0.169340
0.923077 0.384615 0.888889 0.000000
1.000000 0.384615 0.888889 0.798063
0.461538 0.461538 0.888889 0.169340
0.538462 0.461538 0.888889 0.000000
0.615385 0.461538 0.888889 0.798063
0.692308 0.461538 0.888889 0.798063
0.769231 0.461538 0.888889 0.751682
0.846154 0.461538 0.888889 0.661617
0.923077 0.461538 0.888889 0.533100
1.000000 0.461538 0.888889 0.373602
0.461538 0.538462 0.888889 0.661617
0.538462 0.538462 0.888889 0.533100
0.615385 0.538462 0.888889 0.373602
0.692308 0.538462 0.888889 0.192392
0.769231 0.538462 0.888889 0.000000
0.846154 0.538462 0.888889 0.847305
0.923077 0.538462 0.888889 0.847305
1.000000 0.538462 0.888889 0.798063
0.461538 0.000000 1.000000 0.702440
0.538462 0.000000 1.000000 0.661617
0.615385 0.000000 1.000000 0.582343
0.692308 0.000000 1.000000 0.469225
0.769231 0.000000 1.000000 0.328838
0.846154 0.000000 1.000000 0.169340
0.923077 0.000000 1.000000 0.000000
1.000000 0.000000 1.000000 0.798063
0.461538 0.076923 1.000000 0.169340
0.538462 0.076923 1.000000 0.000000
0.615385 0.076923 1.000000 0.798063
0.692308 0.076923 1.000000 0.798063
0.769231 0.076923 1.000000 0.751682
0.846154 0.076923 1.000000 0.661617
0.923077 0.076923 1.000000 0.533100
1.000000 0.076923 1.000000 0.373602
0.461538 0.153846 1.000000 0.661617
0.538462 0.153846 1.000000 0.533100
0.615385 0.153846 1.000000 0.373602
0.692308 0.153846 1.000000 0.192392
0.769231 0.153846 1.000000 0.000000
0.846154 0.153846 1.000000 0.847305
0.923077 0.153846 1.000000 0.847305
1.000000 0.153846 1.000000 0.798063
0.461538 0.230769 1.000000 0.847305
0.538462 0.230769 1.000000 0.847305
0.615385 0.230769 1.000000 0.798063
0.692308 0.230769 1.000000 0.702440
0.769231 0.230769 1.000000 0.565994
0.846154 0.230769 1.000000 0.396654
0.923077 0.230769 1.000000 0.204263
1.000000 0.230769 1.000000 0.000000
0.461538 0.307692 1.000000 0.396654
0.538462 0.307692 1.000000 0.204263
0.615385 0.307692 1.000000 0.000000
0.692308 0.307692 1.000000 0.847305
0.769231 0.307692 1.000000 0.847305
0.846154 0.307692 1.000000 0.798063
0.923077 0.307692 1.000000 0.702440
1.000000 0.307692 1.000000 0.565994
0.461538 0.384615 1.000000 0.798063
0.538462 0.384615 1.000000 0.702440
0.615385 0.384615 1.000000 0.565994
0.692308 0.384615 1.000000 0.396654
0.769231 0.384615 1.000000 0.204263
0.846154 0.384615 1.000000 0.000000
0.923077 0.384615 1.000000 0.000000
1.000000 0.384615 1.000000 0.000000
0.461538 0.461538 1.000000 0.000000
0.538462 0.461538 1.000000 0.000000
0.615385 0.461538 1.000000 0.000000
0.692308 0.461538 1.000000 0.000000
0.769231 0.461538 1.000000 0.000000
0.846154 0.461538 1.000000 0.000000
0.923077 0.461538 1.000000 0.000000
1.000000 0.461538 1.000000 0.000000
0.461538 0.538462 1.000000 0.000000
0.538462 0.538462 1.000000 0.000000
0.615385 0.538462 1.000000 0.000000
0.692308 0.538462 1.000000 0.000000
0.769231 0.538462 1.000000 0.232279
0.846154 0.538462 1.000000 0.232279
0.923077 0.538462 1.000000 0.218780
1.000000 0.538462 1.000000 0.192566
