0.000000 0.000000 0.000000 0.000000
0.076923 0.000000 0.000000 0.000000
0.153846 0.000000 0.000000 0.000000
0.230769 0.000000 0.000000 0.000000
0.307692 0.000000 0.000000 0.000000
0.384615 0.000000 0.000000 0.000000
0.461538 0.000000 0.000000 0.000000
0.538462 0.000000 0.000000 0.000000
0.000000 0.076923 0.000000 0.000000
0.076923 0.076923 0.000000 0.000000
0.153846 0.076923 0.000000 0.000000
0.230769 0.076923 0.000000 0.000000
0.307692 0.076923 0.000000 0.000000
0.384615 0.076923 0.000000 0.000000
0.461538 0.076923 0.000000 0.000000
0.538462 0.076923 0.000000 0.000000
0.000000 0.153846 0.000000 0.000000
0.076923 0.153846 0.000000 0.000000
0.153846 0.153846 0.000000 0.000000
0.230769 0.153846 0.000000 0.000000
0.307692 0.153846 0.000000 0.000000
0.384615 0.153846 0.000000 0.000000
0.461538 0.153846 0.000000 0.000000
0.538462 0.153846 0.000000 0.000000
0.000000 0.230769 0.000000 0.000000
0.076923 0.230769 0.000000 0.000000
0.153846 0.230769 0.000000 0.000000
0.230769 0.230769 0.000000 0.000000
0.307692 0.230769 0.000000 0.000000
0.384615 0.230769 0.000000 0.000000
0.461538 0.230769 0.000000 0.000000
0.538462 0.230769 0.000000 0.000000
0.000000 0.307692 0.000000 0.000000
0.076923 0.307692 0.000000 0.000000
0.153846 0.307692 0.000000 0.000000
0.230769 0.307692 0.000000 0.000000
0.307692 0.307692 0.000000 0.000000
0.384615 0.307692 0.000000 0.000000
0.461538 0.307692 0.000000 0.000000
0.538462 0.307692 0.000000 0.000000
0.000000 0.384615 0.000000 0.000000
0.076923 0.384615 0.000000 0.000000
0.153846 0.384615 0.000000 0.000000
0.230769 0.384615 0.000000 0.000000
0.307692 0.384615 0.000000 0.000000
0.384615 0.384615 0.000000 0.000000
0.461538 0.384615 0.000000 0.000000
0.538462 0.384615 0.000000 0.000000
0.000000 0.461538 0.000000 0.000000
0.076923 0.461538 0.000000 0.000000
0.153846 0.461538 0.000000 0.000000
0.230769 0.461538 0.000000 0.000000
0.307692 0.461538 0.000000 0.000000
0.384615 0.461538 0.000000 0.000000
0.461538 0.461538 0.000000 0.000000
0.538462 0.461538 0.000000 0.000000
0.000000 0.538462 0.000000 0.000000
0.076923 0.538462 0.000000 0.000000
0.153846 0.538462 0.000000 0.000000
0.230769 0.538462 0.000000 0.000000
0.307692 0.538462 0.000000 0.000000
0.384615 0.538462 0.000000 0.000000
0.461538 0.538462 0.000000 0.000000
0.538462 0.538462 0.000000 0.000000
0.000000 0.000000 0.111111 0.000000
0.076923 0.000000 0.111111 0.000000
0.153846 0.000000 0.111111 0.000000
0.230769 0.000000 0.111111 0.000000
0.307692 0.000000 0.111111 0.000000
0.384615 0.000000 0.111111 0.000000
0.461538 0.000000 0.111111 0.000000
0.538462 0.000000 0.111111 0.000000
0.000000 0.076923 0.111111 0.000000
0.076923 0.076923 0.111111 0.000000
0.153846 0.076923 0.111111 0.000000
0.230769 0.076923 0.111111 0.000000
0.307692 0.076923 0.111111 0.000000
0.384615 0.076923 0.111111 0.000000
0.461538 0.076923 0.111111 0.000000
0.538462 0.076923 0.111111 0.000000
0.000000 0.153846 0.111111 0.000000
0.076923 0.153846 0.111111 0.000000
0.153846 0.153846 0.111111 0.000000
0.230769 0.153846 0.111111 0.000000
0.307692 0.153846 0.111111 0.000000
0.384615 0.153846 0.111111 0.000000
0.461538 0.153846 0.111111 0.000000
0.538462 0.153846 0.111111 0.000000
0.000000 0.230769 0.111111 0.000000
0.076923 0.230769 0.111111 0.000000
0.153846 0.230769 0.111111 0.000000
0.230769 0.230769 0.111111 0.000000
0.307692 0.230769 0.111111 0.000000
0.384615 0.230769 0.111111 0.000000
0.461538 0.230769 0.111111 0.000000
0.538462 0.230769 0.111111 0.000000
0.000000 0.307692 0.111111 0.000000
0.076923 0.307692 0.111111 0.000000
0.153846 0.307692 0.111111 0.000000
0.230769 0.307692 0.111111 0.000000
0.307692 0.307692 0.111111 0.000000
0.384615 0.307692 0.111111 0.000000
0.461538 0.307692 0.111111 0.000000
0.538462 0.307692 0.111111 0.000000
0.000000 0.384615 0.111111 0.000000
0.076923 0.384615 0.111111 0.000000
0.153846 0.384615 0.111111 0.000000
0.230769 0.384615 0.111111 0.000000
0.307692 0.384615 0.111111 0.000000
0.384615 0.384615 0.111111 0.000000
0.461538 0.384615 0.111111 0.000000
0.538462 0.384615 0.111111 0.000000
0.000000 0.461538 0.111111 0.000000
0.076923 0.461538 0.111111 0.000000
0.153846 0.461538 0.111111 0.000000
0.230769 0.461538 0.111111 0.000000
0.307692 0.461538 0.111111 0.000000
0.384615 0.461538 0.111111 0.000000
0.461538 0.461538 0.111111 0.000000
0.538462 0.461538 0.111111 0.000000
0.000000 0.538462 0.111111 0.000000
0.076923 0.538462 0.111111 0.000000
0.153846 0.538462 0.111111 0.000000
0.230769 0.538462 0.111111 0.000000
0.307692 0.538462 0.111111 0.000000
0.384615 0.538462 0.111111 0.000000
0.461538 0.538462 0.111111 0.000000
0.538462 0.538462 0.111111 0.000000
0.000000 0.000000 0.222222 0.000000
0.076923 0.000000 0.222222 0.000000
0.153846 0.000000 0.222222 0.000000
0.230769 0.000000 0.222222 0.000000
0.307692 0.000000 0.222222 0.000000
0.384615 0.000000 0.222222 0.000000
0.461538 0.000000 0.222222 0.000000
0.538462 0.000000 0.222222 0.000000
0.000000 0.076923 0.222222 0.000000
0.076923 0.076923 0.222222 0.000000
0.153846 0.076923 0.222222 0.000000
0.230769 0.076923 0.222222 0.000000
0.307692 0.076923 0.222222 0.000000
0.384615 0.076923 0.222222 0.000000
0.461538 0.076923 0.222222 0.000000
0.538462 0.076923 0.222222 0.000000
0.000000 0.153846 0.222222 0.000000
0.076923 0.153846 0.222222 0.000000
0.153846 0.153846 0.222222 0.000000
0.230769 0.153846 0.222222 0.000000
0.307692 0.153846 0.222222 0.000000
0.384615 0.153846 0.222222 0.000000
0.461538 0.153846 0.222222 0.000000
0.538462 0.153846 0.222222 0.000000
0.000000 0.230769 0.222222 0.000000
0.076923 0.230769 0.222222 0.000000
0.153846 0.230769 0.222222 0.000000
0.230769 0.230769 0.222222 0.000000
0.307692 0.230769 0.222222 0.000000
0.384615 0.230769 0.222222 0.000000
0.461538 0.230769 0.222222 0.000000
0.538462 0.230769 0.222222 0.000000
0.000000 0.307692 0.222222 0.000000
0.076923 0.307692 0.222222 0.000000
0.153846 0.307692 0.222222 0.000000
0.230769 0.307692 0.222222 0.019447
0.307692 0.307692 0.222222 0.037764
0.384615 0.307692 0.222222 0.053887
0.461538 0.307692 0.222222 0.066877
0.538462 0.307692 0.222222 0.075981
0.000000 0.384615 0.222222 0.053887
0.076923 0.384615 0.222222 0.066877
0.153846 0.384615 0.222222 0.075981
0.230769 0.384615 0.222222 0.080670
0.307692 0.384615 0.222222 0.080670
0.384615 0.384615 0.222222 0.000000
0.461538 0.384615 0.222222 0.037764
0.538462 0.384615 0.222222 0.073334
0.000000 0.461538 0.222222 0.000000
0.076923 0.461538 0.222222 0.037764
0.153846 0.461538 0.222222 0.073334
0.230769 0.461538 0.222222 0.104642
0.307692 0.461538 0.222222 0.129868
0.384615 0.461538 0.222222 0.147547
0.461538 0.461538 0.222222 0.156651
0.538462 0.461538 0.222222 0.156651
0.000000 0.538462 0.222222 0.147547
0.076923 0.538462 0.222222 0.156651
0.153846 0.538462 0.222222 0.156651
0.230769 0.538462 0.222222 0.000000
0.307692 0.538462 0.222222 0.053887
0.384615 0.538462 0.222222 0.104642
0.461538 0.538462 0.222222 0.149315
0.538462 0.538462 0.222222 0.185311
0.000000 0.000000 0.333333 0.053887
0.076923 0.000000 0.333333 0.066877
0.153846 0.000000 0.333333 0.075981
0.230769 0.000000 0.333333 0.080670
0.307692 0.000000 0.333333 0.080670
0.384615 0.000000 0.333333 0.000000
0.461538 0.000000 0.333333 0.037764
0.538462 0.000000 0.333333 0.073334
0.000000 0.076923 0.333333 0.000000
0.076923 0.076923 0.333333 0.037764
0.153846 0.076923 0.333333 0.073334
0.230769 0.076923 0.333333 0.104642
0.307692 0.076923 0.333333 0.129868
0.384615 0.076923 0.333333 0.147547
0.461538 0.076923 0.333333 0.156651
0.538462 0.076923 0.333333 0.156651
0.000000 0.153846 0.333333 0.147547
0.076923 0.153846 0.333333 0.156651
0.153846 0.153846 0.333333 0.156651
0.230769 0.153846 0.333333 0.000000
0.307692 0.153846 0.333333 0.053887
0.384615 0.153846 0.333333 0.104642
0.461538 0.153846 0.333333 0.149315
0.538462 0.153846 0.333333 0.185311
0.000000 0.230769 0.333333 0.104642
0.076923 0.230769 0.333333 0.149315
0.153846 0.230769 0.333333 0.185311
0.230769 0.230769 0.333333 0.210538
0.307692 0.230769 0.333333 0.223528
0.384615 0.230769 0.333333 0.223528
0.461538 0.230769 0.333333 0.000000
0.538462 0.230769 0.333333 0.066877
0.000000 0.307692 0.333333 0.223528
0.076923 0.307692 0.333333 0.000000
0.153846 0.307692 0.333333 0.066877
0.230769 0.307692 0.333333 0.129868
0.307692 0.307692 0.333333 0.185311
0.384615 0.307692 0.333333 0.229985
0.461538 0.307692 0.333333 0.261293
0.538462 0.307692 0.333333 0.277415
0.000000 0.384615 0.333333 0.229985
0.076923 0.384615 0.333333 0.261293
0.153846 0.384615 0.333333 0.277415
0.230769 0.384615 0.333333 0.277415
0.307692 0.384615 0.333333 0.000000
0.384615 0.384615 0.333333 0.075981
0.461538 0.384615 0.333333 0.147547
0.538462 0.384615 0.333333 0.210538
0.000000 0.461538 0.333333 0.075981
0.076923 0.461538 0.333333 0.147547
0.153846 0.461538 0.333333 0.210538
0.230769 0.461538 0.333333 0.261293
0.307692 0.461538 0.333333 0.296862
0.384615 0.461538 0.333333 0.315180
0.461538 0.461538 0.333333 0.315180
0.538462 0.461538 0.333333 0.000000
0.000000 0.538462 0.333333 0.315180
0.076923 0.538462 0.333333 0.315180
0.153846 0.538462 0.333333 0.000000
0.230769 0.538462 0.333333 0.080670
0.307692 0.538462 0.333333 0.156651
0.384615 0.538462 0.333333 0.223528
0.461538 0.538462 0.333333 0.277415
0.538462 0.538462 0.333333 0.315180
0.000000 0.000000 0.444444 0.229985
0.076923 0.000000 0.444444 0.261293
0.153846 0.000000 0.444444 0.277415
0.230769 0.000000 0.444444 0.277415
0.307692 0.000000 0.444444 0.000000
0.384615 0.000000 0.444444 0.075981
0.461538 0.000000 0.444444 0.147547
0.538462 0.000000 0.444444 0.210538
0.000000 0.076923 0.444444 0.075981
0.076923 0.076923 0.444444 0.147547
0.153846 0.076923 0.444444 0.210538
0.230769 0.076923 0.444444 0.261293
0.307692 0.076923 0.444444 0.296862
0.384615 0.076923 0.444444 0.315180
0.461538 0.076923 0.444444 0.315180
0.538462 0.076923 0.444444 0.000000
0.000000 0.153846 0.444444 0.315180
0.076923 0.153846 0.444444 0.315180
0.153846 0.153846 0.444444 0.000000
0.230769 0.153846 0.444444 0.080670
0.307692 0.153846 0.444444 0.156651
0.384615 0.153846 0.444444 0.223528
0.461538 0.153846 0.444444 0.277415
0.538462 0.153846 0.444444 0.315180
0.000000 0.230769 0.444444 0.223528
0.076923 0.230769 0.444444 0.277415
0.153846 0.230769 0.444444 0.315180
0.230769 0.230769 0.444444 0.334627
0.307692 0.230769 0.444444 0.334627
0.384615 0.230769 0.444444 0.000000
0.461538 0.230769 0.444444 0.080670
0.538462 0.230769 0.444444 0.156651
0.000000 0.307692 0.444444 0.000000
0.076923 0.307692 0.444444 0.080670
0.153846 0.307692 0.444444 0.156651
0.230769 0.307692 0.444444 0.223528
0.307692 0.307692 0.444444 0.277415
0.384615 0.307692 0.444444 0.315180
0.461538 0.307692 0.444444 0.334627
0.538462 0.307692 0.444444 0.334627
0.000000 0.384615 0.444444 0.315180
0.076923 0.384615 0.444444 0.334627
0.153846 0.384615 0.444444 0.334627
0.230769 0.384615 0.444444 0.000000
0.307692 0.384615 0.444444 0.000000
0.384615 0.384615 0.444444 0.000000
0.461538 0.384615 0.444444 0.000000
0.538462 0.384615 0.444444 0.000000
0.000000 0.461538 0.444444 0.000000
0.076923 0.461538 0.444444 0.000000
0.153846 0.461538 0.444444 0.000000
0.230769 0.461538 0.444444 0.000000
0.307692 0.461538 0.444444 0.000000
0.384615 0.461538 0.444444 0.000000
0.461538 0.461538 0.444444 0.000000
0.538462 0.461538 0.444444 0.036549
0.000000 0.538462 0.444444 0.000000
0.076923 0.538462 0.444444 0.000000
0.153846 0.538462 0.444444 0.036549
0.230769 0.538462 0.444444 0.070974
0.307692 0.538462 0.444444 0.101274
0.384615 0.538462 0.444444 0.125688
0.461538 0.538462 0.444444 0.142798
0.538462 0.538462 0.444444 0.151609
0.000000 0.000000 0.555556 0.315180
0.076923 0.000000 0.555556 0.334627
0.153846 0.000000 0.555556 0.334627
0.230769 0.000000 0.555556 0.000000
0.307692 0.000000 0.555556 0.000000
0.384615 0.000000 0.555556 0.000000
0.461538 0.000000 0.555556 0.000000
0.538462 0.000000 0.555556 0.000000
0.000000 0.076923 0.555556 0.000000
0.076923 0.076923 0.555556 0.000000
0.153846 0.076923 0.555556 0.000000
0.230769 0.076923 0.555556 0.000000
0.307692 0.076923 0.555556 0.000000
0.384615 0.076923 0.555556 0.000000
0.461538 0.076923 0.555556 0.000000
0.538462 0.076923 0.555556 0.036549
0.000000 0.153846 0.555556 0.000000
0.076923 0.153846 0.555556 0.000000
0.153846 0.153846 0.555556 0.036549
0.230769 0.153846 0.555556 0.070974
0.307692 0.153846 0.555556 0.101274
0.384615 0.153846 0.555556 0.125688
0.461538 0.153846 0.555556 0.142798
0.538462 0.153846 0.555556 0.151609
0.000000 0.230769 0.555556 0.125688
0.076923 0.230769 0.555556 0.142798
0.153846 0.230769 0.555556 0.151609
0.230769 0.230769 0.555556 0.151609
0.307692 0.230769 0.555556 0.000000
0.384615 0.230769 0.555556 0.070974
0.461538 0.230769 0.555556 0.137823
0.538462 0.230769 0.555556 0.196662
0.000000 0.307692 0.555556 0.070974
0.076923 0.307692 0.555556 0.137823
0.153846 0.307692 0.555556 0.196662
0.230769 0.307692 0.555556 0.244072
0.307692 0.307692 0.555556 0.277298
0.384615 0.307692 0.555556 0.294408
0.461538 0.307692 0.555556 0.294408
0.538462 0.307692 0.555556 0.000000
0.000000 0.384615 0.555556 0.294408
0.076923 0.384615 0.555556 0.294408
0.153846 0.384615 0.555556 0.000000
0.230769 0.384615 0.555556 0.101274
0.307692 0.384615 0.555556 0.196662
0.384615 0.384615 0.555556 0.280621
0.461538 0.384615 0.555556 0.348272
0.538462 0.384615 0.555556 0.395682
0.000000 0.461538 0.555556 0.280621
0.076923 0.461538 0.555556 0.348272
0.153846 0.461538 0.555556 0.395682
0.230769 0.461538 0.555556 0.420096
0.307692 0.461538 0.555556 0.420096
0.384615 0.461538 0.555556 0.000000
0.461538 0.461538 0.555556 0.125688
0.538462 0.461538 0.555556 0.244072
0.000000 0.538462 0.555556 0.000000
0.076923 0.538462 0.555556 0.125688
0.153846 0.538462 0.555556 0.244072
0.230769 0.538462 0.555556 0.348272
0.307692 0.538462 0.555556 0.432231
0.384615 0.538462 0.555556 0.491070
0.461538 0.538462 0.555556 0.521370
0.538462 0.538462 0.555556 0.521370
0.000000 0.000000 0.666667 0.294408
0.076923 0.000000 0.666667 0.294408
0.153846 0.000000 0.666667 0.000000
0.230769 0.000000 0.666667 0.101274
0.307692 0.000000 0.666667 0.196662
0.384615 0.000000 0.666667 0.280621
0.461538 0.000000 0.666667 0.348272
0.538462 0.000000 0.666667 0.395682
0.000000 0.076923 0.666667 0.280621
0.076923 0.076923 0.666667 0.348272
0.153846 0.076923 0.666667 0.395682
0.230769 0.076923 0.666667 0.420096
0.307692 0.076923 0.666667 0.420096
0.384615 0.076923 0.666667 0.000000
0.461538 0.076923 0.666667 0.125688
0.538462 0.076923 0.666667 0.244072
0.000000 0.153846 0.666667 0.000000
0.076923 0.153846 0.666667 0.125688
0.153846 0.153846 0.666667 0.244072
0.230769 0.153846 0.666667 0.348272
0.307692 0.153846 0.666667 0.432231
0.384615 0.153846 0.666667 0.491070
0.461538 0.153846 0.666667 0.521370
0.538462 0.153846 0.666667 0.521370
0.000000 0.230769 0.666667 0.491070
0.076923 0.230769 0.666667 0.521370
0.153846 0.230769 0.666667 0.521370
0.230769 0.230769 0.666667 0.000000
0.307692 0.230769 0.666667 0.142798
0.384615 0.230769 0.666667 0.277298
0.461538 0.230769 0.666667 0.395682
0.538462 0.230769 0.666667 0.491070
0.000000 0.307692 0.666667 0.277298
0.076923 0.307692 0.666667 0.395682
0.153846 0.307692 0.666667 0.491070
0.230769 0.307692 0.666667 0.557919
0.307692 0.307692 0.666667 0.592344
0.384615 0.307692 0.666667 0.592344
0.461538 0.307692 0.666667 0.000000
0.538462 0.307692 0.666667 0.151609
0.000000 0.384615 0.666667 0.592344
0.076923 0.384615 0.666667 0.000000
0.153846 0.384615 0.666667 0.151609
0.230769 0.384615 0.666667 0.294408
0.307692 0.384615 0.666667 0.420096
0.384615 0.384615 0.666667 0.521370
0.461538 0.384615 0.666667 0.592344
0.538462 0.384615 0.666667 0.628893
0.000000 0.461538 0.666667 0.521370
0.076923 0.461538 0.666667 0.592344
0.153846 0.461538 0.666667 0.628893
0.230769 0.461538 0.666667 0.628893
0.307692 0.461538 0.666667 0.000000
0.384615 0.461538 0.666667 0.151609
0.461538 0.461538 0.666667 0.294408
0.538462 0.461538 0.666667 0.420096
0.000000 0.538462 0.666667 0.151609
0.076923 0.538462 0.666667 0.294408
0.153846 0.538462 0.666667 0.420096
0.230769 0.538462 0.666667 0.521370
0.307692 0.538462 0.666667 0.592344
0.384615 0.538462 0.666667 0.628893
0.461538 0.538462 0.666667 0.628893
0.538462 0.538462 0.666667 0.000000
0.000000 0.000000 0.777778 0.592344
0.076923 0.000000 0.777778 0.000000
0.153846 0.000000 0.777778 0.151609
0.230769 0.000000 0.777778 0.294408
0.307692 0.000000 0.777778 0.420096
0.384615 0.000000 0.777778 0.521370
0.461538 0.000000 0.777778 0.592344
0.538462 0.000000 0.777778 0.628893
0.000000 0.076923 0.777778 0.521370
0.076923 0.076923 0.777778 0.592344
0.153846 0.076923 0.777778 0.628893
0.230769 0.076923 0.777778 0.628893
0.307692 0.076923 0.777778 0.000000
0.384615 0.076923 0.777778 0.151609
0.461538 0.076923 0.777778 0.294408
0.538462 0.076923 0.777778 0.420096
0.000000 0.153846 0.777778 0.151609
0.076923 0.153846 0.777778 0.294408
0.153846 0.153846 0.777778 0.420096
0.230769 0.153846 0.777778 0.521370
0.307692 0.153846 0.777778 0.592344
0.384615 0.153846 0.777778 0.628893
0.461538 0.153846 0.777778 0.628893
0.538462 0.153846 0.777778 0.000000
0.000000 0.230769 0.777778 0.628893
0.076923 0.230769 0.777778 0.628893
0.153846 0.230769 0.777778 0.000000
0.230769 0.230769 0.777778 0.000000
0.307692 0.230769 0.777778 0.000000
0.384615 0.230769 0.777778 0.000000
0.461538 0.230769 0.777778 0.000000
0.538462 0.230769 0.777778 0.000000
0.000000 0.307692 0.777778 0.000000
0.076923 0.307692 0.777778 0.000000
0.153846 0.307692 0.777778 0.000000
0.230769 0.307692 0.777778 0.000000
0.307692 0.307692 0.777778 0.000000
0.384615 0.307692 0.777778 0.000000
0.461538 0.307692 0.777778 0.049242
0.538462 0.307692 0.777778 0.095623
0.000000 0.384615 0.777778 0.000000
0.076923 0.384615 0.777778 0.049242
0.153846 0.384615 0.777778 0.095623
0.230769 0.384615 0.777778 0.136446
0.307692 0.384615 0.777778 0.169340
0.384615 0.384615 0.777778 0.192392
0.461538 0.384615 0.777778 0.204263
0.538462 0.384615 0.777778 0.204263
0.000000 0.461538 0.777778 0.192392
0.076923 0.461538 0.777778 0.204263
0.153846 0.461538 0.777778 0.204263
0.230769 0.461538 0.777778 0.000000
0.307692 0.461538 0.777778 0.095623
0.384615 0.461538 0.777778 0.185688
0.461538 0.461538 0.777778 0.264962
0.538462 0.461538 0.777778 0.328838
0.000000 0.538462 0.777778 0.185688
0.076923 0.538462 0.777778 0.264962
0.153846 0.538462 0.777778 0.328838
0.230769 0.538462 0.777778 0.373602
0.307692 0.538462 0.777778 0.396654
0.384615 0.538462 0.777778 0.396654
0.461538 0.538462 0.777778 0.000000
0.538462 0.538462 0.777778 0.136446
0.000000 0.000000 0.888889 0.000000
0.076923 0.000000 0.888889 0.049242
0.153846 0.000000 0.888889 0.095623
0.230769 0.000000 0.888889 0.136446
0.307692 0.000000 0.888889 0.169340
0.384615 0.000000 0.888889 0.192392
0.461538 0.000000 0.888889 0.204263
0.538462 0.000000 0.888889 0.204263
0.000000 0.076923 0.888889 0.192392
0.076923 0.076923 0.888889 0.204263
0.153846 0.076923 0.888889 0.204263
0.230769 0.076923 0.888889 0.000000
0.307692 0.076923 0.888889 0.095623
0.384615 0.076923 0.888889 0.185688
0.461538 0.076923 0.888889 0.264962
0.538462 0.076923 0.888889 0.328838
0.000000 0.153846 0.888889 0.185688
0.076923 0.153846 0.888889 0.264962
0.153846 0.153846 0.888889 0.328838
0.230769 0.153846 0.888889 0.373602
0.307692 0.153846 0.888889 0.396654
0.384615 0.153846 0.888889 0.396654
0.461538 0.153846 0.888889 0.000000
0.538462 0.153846 0.888889 0.136446
0.000000 0.230769 0.888889 0.396654
0.076923 0.230769 0.888889 0.000000
0.153846 0.230769 0.888889 0.136446
0.230769 0.230769 0.888889 0.264962
0.307692 0.230769 0.888889 0.378080
0.384615 0.230769 0.888889 0.469225
0.461538 0.230769 0.888889 0.533100
0.538462 0.230769 0.888889 0.565994
0.000000 0.307692 0.888889 0.469225
0.076923 0.307692 0.888889 0.533100
0.153846 0.307692 0.888889 0.565994
0.230769 0.307692 0.888889 0.565994
0.307692 0.307692 0.888889 0.000000
0.384615 0.307692 0.888889 0.169340
0.461538 0.307692 0.888889 0.328838
0.538462 0.307692 0.888889 0.469225
0.000000 0.384615 0.888889 0.169340
0.076923 0.384615 0.888889 0.328838
0.153846 0.384615 0.888889 0.469225
0.230769 0.384615 0.888889 0.582343
0.307692 0.384615 0.888889 0.661617
0.384615 0.384615 0.888889 0.702440
0.461538 0.384615 0.888889 0.702440
0.538462 0.384615 0.888889 0.000000
0.000000 0.461538 0.888889 0.702440
0.076923 0.461538 0.888889 0.702440
0.153846 0.461538 0.888889 0.000000
0.230769 0.461538 0.888889 0.192392
0.307692 0.461538 0.888889 0.373602
0.384615 0.461538 0.888889 0.533100
0.461538 0.461538 0.888889 0.661617
0.538462 0.461538 0.888889 0.751682
0.000000 0.538462 0.888889 0.533100
0.076923 0.538462 0.888889 0.661617
0.153846 0.538462 0.888889 0.751682
0.230769 0.538462 0.888889 0.798063
0.307692 0.538462 0.888889 0.798063
0.384615 0.538462 0.888889 0.000000
0.461538 0.538462 0.888889 0.204263
0.538462 0.538462 0.888889 0.396654
0.000000 0.000000 1.000000 0.169340
0.076923 0.000000 1.000000 0.328838
0.153846 0.000000 1.000000 0.469225
0.230769 0.000000 1.000000 0.582343
0.307692 0.000000 1.000000 0.661617
0.384615 0.000000 1.000000 0.702440
0.461538 0.000000 1.000000 0.702440
0.538462 0.000000 1.000000 0.000000
0.000000 0.076923 1.000000 0.702440
0.076923 0.076923 1.000000 0.702440
0.153846 0.076923 1.000000 0.000000
0.230769 0.076923 1.000000 0.192392
0.307692 0.076923 1.000000 0.373602
0.384615 0.076923 1.000000 0.533100
0.461538 0.076923 1.000000 0.661617
0.538462 0.076923 1.000000 0.751682
0.000000 0.153846 1.000000 0.533100
0.076923 0.153846 1.000000 0.661617
0.153846 0.153846 1.000000 0.751682
0.230769 0.153846 1.000000 0.798063
0.307692 0.153846 1.000000 0.798063
0.384615 0.153846 1.000000 0.000000
0.461538 0.153846 1.000000 0.204263
0.538462 0.153846 1.000000 0.396654
0.000000 0.230769 1.000000 0.000000
0.076923 0.230769 1.000000 0.204263
0.153846 0.230769 1.000000 0.396654
0.230769 0.230769 1.000000 0.565994
0.307692 0.230769 1.000000 0.702440
0.384615 0.230769 1.000000 0.798063
0.461538 0.230769 1.000000 0.847305
0.538462 0.230769 1.000000 0.847305
0.000000 0.307692 1.000000 0.798063
0.076923 0.307692 1.000000 0.847305
0.153846 0.307692 1.000000 0.847305
0.230769 0.307692 1.000000 0.000000
0.307692 0.307692 1.000000 0.204263
0.384615 0.307692 1.000000 0.396654
0.461538 0.307692 1.000000 0.565994
0.538462 0.307692 1.000000 0.702440
0.000000 0.384615 1.000000 0.396654
0.076923 0.384615 1.000000 0.565994
0.153846 0.384615 1.000000 0.702440
0.230769 0.384615 1.000000 0.798063
0.307692 0.384615 1.000000 0.847305
0.384615 0.384615 1.000000 0.847305
0.461538 0.384615 1.000000 0.000000
0.538462 0.384615 1.000000 0.000000
0.000000 0.461538 1.000000 0.847305
0.076923 0.461538 1.000000 0.000000
0.153846 0.461538 1.000000 0.000000
0.230769 0.461538 1.000000 0.000000
0.307692 0.461538 1.000000 0.000000
0.384615 0.461538 1.000000 0.000000
0.461538 0.461538 1.000000 0.000000
0.538462 0.461538 1.000000 0.000000
0.000000 0.538462 1.000000 0.000000
0.076923 0.538462 1.000000 0.000000
0.153846 0.538462 1.000000 0.000000
0.230769 0.538462 1.000000 0.000000
0.307692 0.538462 1.000000 0.000000
0.384615 0.538462 1.000000 0.055996
0.461538 0.538462 1.000000 0.108738
0.538462 0.538462 1.000000 0.155161
