0.461538 0.461538 0.000000 0.000000
0.538462 0.461538 0.000000 0.000000
0.615385 0.461538 0.000000 0.000000
0.692308 0.461538 0.000000 0.000000
0.769231 0.461538 0.000000 0.000000
0.846154 0.461538 0.000000 0.000000
0.923077 0.461538 0.000000 0.000000
1.000000 0.461538 0.000000 0.000000
0.461538 0.538462 0.000000 0.000000
0.538462 0.538462 0.000000 0.000000
0.615385 0.538462 0.000000 0.000000
0.692308 0.538462 0.000000 0.000000
0.769231 0.538462 0.000000 0.000000
0.846154 0.538462 0.000000 0.000000
0.923077 0.538462 0.000000 0.000000
1.000000 0.538462 0.000000 0.000000
0.461538 0.615385 0.000000 0.000000
0.538462 0.615385 0.000000 0.000000
0.615385 0.615385 0.000000 0.000000
0.692308 0.615385 0.000000 0.000000
0.769231 0.615385 0.000000 0.000000
0.846154 0.615385 0.000000 0.000000
0.923077 0.615385 0.000000 0.000000
1.000000 0.615385 0.000000 0.000000
0.461538 0.692308 0.000000 0.000000
0.538462 0.692308 0.000000 0.000000
0.615385 0.692308 0.000000 0.000000
0.692308 0.692308 0.000000 0.000000
0.769231 0.692308 0.000000 0.000000
0.846154 0.692308 0.000000 0.000000
0.923077 0.692308 0.000000 0.000000
1.000000 0.692308 0.000000 0.000000
0.461538 0.769231 0.000000 0.000000
0.538462 0.769231 0.000000 0.000000
0.615385 0.769231 0.000000 0.000000
0.692308 0.769231 0.000000 0.000000
0.769231 0.769231 0.000000 0.000000
0.846154 0.769231 0.000000 0.000000
0.923077 0.769231 0.000000 0.000000
1.000000 0.769231 0.000000 0.000000
0.461538 0.846154 0.000000 0.000000
0.538462 0.846154 0.000000 0.000000
0.615385 0.846154 0.000000 0.000000
0.692308 0.846154 0.000000 0.000000
0.769231 0.846154 0.000000 0.000000
0.846154 0.846154 0.000000 0.000000
0.923077 0.846154 0.000000 0.000000
1.000000 0.846154 0.000000 0.000000
0.461538 0.923077 0.000000 0.000000
0.538462 0.923077 0.000000 0.000000
0.615385 0.923077 0.000000 0.000000
0.692308 0.923077 0.000000 0.000000
0.769231 0.923077 0.000000 0.000000
0.846154 0.923077 0.000000 0.000000
0.923077 0.923077 0.000000 0.000000
1.000000 0.923077 0.000000 0.000000
0.461538 1.000000 0.000000 0.000000
0.538462 1.000000 0.000000 0.000000
0.615385 1.000000 0.000000 0.000000
0.692308 1.000000 0.000000 0.000000
0.769231 1.000000 0.000000 0.000000
0.846154 1.000000 0.000000 0.000000
0.923077 1.000000 0.000000 0.000000
1.000000 1.000000 0.000000 0.000000
0.461538 0.461538 0.111111 0.334627
0.538462 0.461538 0.111111 0.334627
0.615385 0.461538 0.111111 0.315180
0.692308 0.461538 0.111111 0.277415
0.769231 0.461538 0.111111 0.223528
0.846154 0.461538 0.111111 0.156651
0.923077 0.461538 0.111111 0.080670
1.000000 0.461538 0.111111 0.000000
0.461538 0.538462 0.111111 0.334627
0.538462 0.538462 0.111111 0.334627
0.615385 0.538462 0.111111 0.315180
0.692308 0.538462 0.111111 0.277415
0.769231 0.538462 0.111111 0.223528
0.846154 0.538462 0.111111 0.156651
0.923077 0.538462 0.111111 0.080670
1.000000 0.538462 0.111111 0.000000
0.461538 0.615385 0.111111 0.315180
0.538462 0.615385 0.111111 0.315180
0.615385 0.615385 0.111111 0.296862
0.692308 0.615385 0.111111 0.261293
0.769231 0.615385 0.111111 0.210538
0.846154 0.615385 0.111111 0.147547
0.923077 0.615385 0.111111 0.075981
1.000000 0.615385 0.111111 0.000000
0.461538 0.692308 0.111111 0.277415
0.538462 0.692308 0.111111 0.277415
0.615385 0.692308 0.111111 0.261293
0.692308 0.692308 0.111111 0.229985
0.769231 0.692308 0.111111 0.185311
0.846154 0.692308 0.111111 0.129868
0.923077 0.692308 0.111111 0.066877
1.000000 0.692308 0.111111 0.000000
0.461538 0.769231 0.111111 0.223528
0.538462 0.769231 0.111111 0.223528
0.615385 0.769231 0.111111 0.210538
0.692308 0.769231 0.111111 0.185311
0.769231 0.769231 0.111111 0.149315
0.846154 0.769231 0.111111 0.104642
0.923077 0.769231 0.111111 0.053887
1.000000 0.769231 0.111111 0.000000
0.461538 0.846154 0.111111 0.156651
0.538462 0.846154 0.111111 0.156651
0.615385 0.846154 0.111111 0.147547
0.692308 0.846154 0.111111 0.129868
0.769231 0.846154 0.111111 0.104642
0.846154 0.846154 0.111111 0.073334
0.923077 0.846154 0.111111 0.037764
1.000000 0.846154 0.111111 0.000000
0.461538 0.923077 0.111111 0.080670
0.538462 0.923077 0.111111 0.080670
0.615385 0.923077 0.111111 0.075981
0.692308 0.923077 0.111111 0.066877
0.769231 0.923077 0.111111 0.053887
0.846154 0.923077 0.111111 0.037764
0.923077 0.923077 0.111111 0.019447
1.000000 0.923077 0.111111 0.000000
0.461538 1.000000 0.111111 0.000000
0.538462 1.000000 0.111111 0.000000
0.615385 1.000000 0.111111 0.000000
0.692308 1.000000 0.111111 0.000000
0.769231 1.000000 0.111111 0.000000
0.846154 1.000000 0.111111 0.000000
0.923077 1.000000 0.111111 0.000000
1.000000 1.000000 0.111111 0.000000
0.461538 0.461538 0.222222 0.628893
0.538462 0.461538 0.222222 0.628893
0.615385 0.461538 0.222222 0.592344
0.692308 0.461538 0.222222 0.521370
0.769231 0.461538 0.222222 0.420096
0.846154 0.461538 0.222222 0.294408
0.923077 0.461538 0.222222 0.151609
1.000000 0.461538 0.222222 0.000000
0.461538 0.538462 0.222222 0.628893
0.538462 0.538462 0.222222 0.628893
0.615385 0.538462 0.222222 0.592344
0.692308 0.538462 0.222222 0.521370
0.769231 0.538462 0.222222 0.420096
0.846154 0.538462 0.222222 0.294408
0.923077 0.538462 0.222222 0.151609
1.000000 0.538462 0.222222 0.000000
0.461538 0.615385 0.222222 0.592344
0.538462 0.615385 0.222222 0.592344
0.615385 0.615385 0.222222 0.557919
0.692308 0.615385 0.222222 0.491070
0.769231 0.615385 0.222222 0.395682
0.846154 0.615385 0.222222 0.277298
0.923077 0.615385 0.222222 0.142798
1.000000 0.615385 0.222222 0.000000
0.461538 0.692308 0.222222 0.521370
0.538462 0.692308 0.222222 0.521370
0.615385 0.692308 0.222222 0.491070
0.692308 0.692308 0.222222 0.432231
0.769231 0.692308 0.222222 0.348272
0.846154 0.692308 0.222222 0.244072
0.923077 0.692308 0.222222 0.125688
1.000000 0.692308 0.222222 0.000000
0.461538 0.769231 0.222222 0.420096
0.538462 0.769231 0.222222 0.420096
0.615385 0.769231 0.222222 0.395682
0.692308 0.769231 0.222222 0.348272
0.769231 0.769231 0.222222 0.280621
0.846154 0.769231 0.222222 0.196662
0.923077 0.769231 0.222222 0.101274
1.000000 0.769231 0.222222 0.000000
0.461538 0.846154 0.222222 0.294408
0.538462 0.846154 0.222222 0.294408
0.615385 0.846154 0.222222 0.277298
0.692308 0.846154 0.222222 0.244072
0.769231 0.846154 0.222222 0.196662
0.846154 0.846154 0.222222 0.137823
0.923077 0.846154 0.222222 0.070974
1.000000 0.846154 0.222222 0.000000
0.461538 0.923077 0.222222 0.151609
0.538462 0.923077 0.222222 0.151609
0.615385 0.923077 0.222222 0.142798
0.692308 0.923077 0.222222 0.125688
0.769231 0.923077 0.222222 0.101274
0.846154 0.923077 0.222222 0.070974
0.923077 0.923077 0.222222 0.036549
1.000000 0.923077 0.222222 0.000000
0.461538 1.000000 0.222222 0.000000
0.538462 1.000000 0.222222 0.000000
0.615385 1.000000 0.222222 0.000000
0.692308 1.000000 0.222222 0.000000
0.769231 1.000000 0.222222 0.000000
0.846154 1.000000 0.222222 0.000000
0.923077 1.000000 0.222222 0.000000
1.000000 1.000000 0.222222 0.000000
0.461538 0.461538 0.333333 0.847305
0.538462 0.461538 0.333333 0.847305
0.615385 0.461538 0.333333 0.798063
0.692308 0.461538 0.333333 0.702440
0.769231 0.461538 0.333333 0.565994
0.846154 0.461538 0.333333 0.396654
0.923077 0.461538 0.333333 0.204263
1.000000 0.461538 0.333333 0.000000
0.461538 0.538462 0.333333 0.847305
0.538462 0.538462 0.333333 0.847305
0.615385 0.538462 0.333333 0.798063
0.692308 0.538462 0.333333 0.702440
0.769231 0.538462 0.333333 0.565994
0.846154 0.538462 0.333333 0.396654
0.923077 0.538462 0.333333 0.204263
1.000000 0.538462 0.333333 0.000000
0.461538 0.615385 0.333333 0.798063
0.538462 0.615385 0.333333 0.798063
0.615385 0.615385 0.333333 0.751682
0.692308 0.615385 0.333333 0.661617
0.769231 0.615385 0.333333 0.533100
0.846154 0.615385 0.333333 0.373602
0.923077 0.615385 0.333333 0.192392
1.000000 0.615385 0.333333 0.000000
0.461538 0.692308 0.333333 0.702440
0.538462 0.692308 0.333333 0.702440
0.615385 0.692308 0.333333 0.661617
0.692308 0.692308 0.333333 0.582343
0.769231 0.692308 0.333333 0.469225
0.846154 0.692308 0.333333 0.328838
0.923077 0.692308 0.333333 0.169340
1.000000 0.692308 0.333333 0.000000
0.461538 0.769231 0.333333 0.565994
0.538462 0.769231 0.333333 0.565994
0.615385 0.769231 0.333333 0.533100
0.692308 0.769231 0.333333 0.469225
0.769231 0.769231 0.333333 0.378080
0.846154 0.769231 0.333333 0.264962
0.923077 0.769231 0.333333 0.136446
1.000000 0.769231 0.333333 0.000000
0.461538 0.846154 0.333333 0.396654
0.538462 0.846154 0.333333 0.396654
0.615385 0.846154 0.333333 0.373602
0.692308 0.846154 0.333333 0.328838
0.769231 0.846154 0.333333 0.264962
0.846154 0.846154 0.333333 0.185688
0.923077 0.846154 0.333333 0.095623
1.000000 0.846154 0.333333 0.000000
0.461538 0.923077 0.333333 0.204263
0.538462 0.923077 0.333333 0.204263
0.615385 0.923077 0.333333 0.192392
0.692308 0.923077 0.333333 0.169340
0.769231 0.923077 0.333333 0.136446
0.846154 0.923077 0.333333 0.095623
0.923077 0.923077 0.333333 0.049242
1.000000 0.923077 0.333333 0.000000
0.461538 1.000000 0.333333 0.000000
0.538462 1.000000 0.333333 0.000000
0.615385 1.000000 0.333333 0.000000
0.692308 1.000000 0.333333 0.000000
0.769231 1.000000 0.333333 0.000000
0.846154 1.000000 0.333333 0.000000
0.923077 1.000000 0.333333 0.000000
1.000000 1.000000 0.333333 0.000000
0.461538 0.461538 0.444444 0.963520
0.538462 0.461538 0.444444 0.963520
0.615385 0.461538 0.444444 0.907523
0.692308 0.461538 0.444444 0.798785
0.769231 0.461538 0.444444 0.643624
0.846154 0.461538 0.444444 0.451059
0.923077 0.461538 0.444444 0.232279
1.000000 0.461538 0.444444 0.000000
0.461538 0.538462 0.444444 0.963520
0.538462 0.538462 0.444444 0.963520
0.615385 0.538462 0.444444 0.907523
0.692308 0.538462 0.444444 0.798785
0.769231 0.538462 0.444444 0.643624
0.846154 0.538462 0.444444 0.451059
0.923077 0.538462 0.444444 0.232279
1.000000 0.538462 0.444444 0.000000
0.461538 0.615385 0.444444 0.907523
0.538462 0.615385 0.444444 0.907523
0.615385 0.615385 0.444444 0.854781
0.692308 0.615385 0.444444 0.752363
0.769231 0.615385 0.444444 0.606219
0.846154 0.615385 0.444444 0.424845
0.923077 0.615385 0.444444 0.218780
1.000000 0.615385 0.444444 0.000000
0.461538 0.692308 0.444444 0.798785
0.538462 0.692308 0.444444 0.798785
0.615385 0.692308 0.444444 0.752363
0.692308 0.692308 0.444444 0.662216
0.769231 0.692308 0.444444 0.533583
0.846154 0.692308 0.444444 0.373940
0.923077 0.692308 0.444444 0.192566
1.000000 0.692308 0.444444 0.000000
0.461538 0.769231 0.444444 0.643624
0.538462 0.769231 0.444444 0.643624
0.615385 0.769231 0.444444 0.606219
0.692308 0.769231 0.444444 0.533583
0.769231 0.769231 0.444444 0.429937
0.846154 0.769231 0.444444 0.301304
0.923077 0.769231 0.444444 0.155161
1.000000 0.769231 0.444444 0.000000
0.461538 0.846154 0.444444 0.451059
0.538462 0.846154 0.444444 0.451059
0.615385 0.846154 0.444444 0.424845
0.692308 0.846154 0.444444 0.373940
0.769231 0.846154 0.444444 0.301304
0.846154 0.846154 0.444444 0.211157
0.923077 0.846154 0.444444 0.108738
1.000000 0.846154 0.444444 0.000000
0.461538 0.923077 0.444444 0.232279
0.538462 0.923077 0.444444 0.232279
0.615385 0.923077 0.444444 0.218780
0.692308 0.923077 0.444444 0.192566
0.769231 0.923077 0.444444 0.155161
0.846154 0.923077 0.444444 0.108738
0.923077 0.923077 0.444444 0.055996
1.000000 0.923077 0.444444 0.000000
0.461538 1.000000 0.444444 0.000000
0.538462 1.000000 0.444444 0.000000
0.615385 1.000000 0.444444 0.000000
0.692308 1.000000 0.444444 0.000000
0.769231 1.000000 0.444444 0.000000
0.846154 1.000000 0.444444 0.000000
0.923077 1.000000 0.444444 0.000000
1.000000 1.000000 0.444444 0.000000
0.461538 0.461538 0.555556 0.963520
0.538462 0.461538 0.555556 0.963520
0.615385 0.461538 0.555556 0.907523
0.692308 0.461538 0.555556 0.798785
0.769231 0.461538 0.555556 0.643624
0.846154 0.461538 0.555556 0.451059
0.923077 0.461538 0.555556 0.232279
1.000000 0.461538 0.555556 0.000000
0.461538 0.538462 0.555556 0.963520
0.538462 0.538462 0.555556 0.963520
0.615385 0.538462 0.555556 0.907523
0.692308 0.538462 0.555556 0.798785
0.769231 0.538462 0.555556 0.643624
0.846154 0.538462 0.555556 0.451059
0.923077 0.538462 0.555556 0.232279
1.000000 0.538462 0.555556 0.000000
0.461538 0.615385 0.555556 0.907523
0.538462 0.615385 0.555556 0.907523
0.615385 0.615385 0.555556 0.854781
0.692308 0.615385 0.555556 0.752363
0.769231 0.615385 0.555556 0.606219
0.846154 0.615385 0.555556 0.424845
0.923077 0.615385 0.555556 0.218780
1.000000 0.615385 0.555556 0.000000
0.461538 0.692308 0.555556 0.798785
0.538462 0.692308 0.555556 0.798785
0.615385 0.692308 0.555556 0.752363
0.692308 0.692308 0.555556 0.662216
0.769231 0.692308 0.555556 0.533583
0.846154 0.692308 0.555556 0.373940
0.923077 0.692308 0.555556 0.192566
1.000000 0.692308 0.555556 0.000000
0.461538 0.769231 0.555556 0.643624
0.538462 0.769231 0.555556 0.643624
0.615385 0.769231 0.555556 0.606219
0.692308 0.769231 0.555556 0.533583
0.769231 0.769231 0.555556 0.429937
0.846154 0.769231 0.555556 0.301304
0.923077 0.769231 0.555556 0.155161
1.000000 0.769231 0.555556 0.000000
0.461538 0.846154 0.555556 0.451059
0.538462 0.846154 0.555556 0.451059
0.615385 0.846154 0.555556 0.424845
0.692308 0.846154 0.555556 0.373940
0.769231 0.846154 0.555556 0.301304
0.846154 0.846154 0.555556 0.211157
0.923077 0.846154 0.555556 0.108738
1.000000 0.846154 0.555556 0.000000
0.461538 0.923077 0.555556 0.232279
0.538462 0.923077 0.555556 0.232279
0.615385 0.923077 0.555556 0.218780
0.692308 0.923077 0.555556 0.192566
0.769231 0.923077 0.555556 0.155161
0.846154 0.923077 0.555556 0.108738
0.923077 0.923077 0.555556 0.055996
1.000000 0.923077 0.555556 0.000000
0.461538 1.000000 0.555556 0.000000
0.538462 1.000000 0.555556 0.000000
0.615385 1.000000 0.555556 0.000000
0.692308 1.000000 0.555556 0.000000
0.769231 1.000000 0.555556 0.000000
0.846154 1.000000 0.555556 0.000000
0.923077 1.000000 0.555556 0.000000
1.000000 1.000000 0.555556 0.000000
0.461538 0.461538 0.666667 0.847305
0.538462 0.461538 0.666667 0.847305
0.615385 0.461538 0.666667 0.798063
0.692308 0.461538 0.666667 0.702440
0.769231 0.461538 0.666667 0.565994
0.846154 0.461538 0.666667 0.396654
0.923077 0.461538 0.666667 0.204263
1.000000 0.461538 0.666667 0.000000
0.461538 0.538462 0.666667 0.847305
0.538462 0.538462 0.666667 0.847305
0.615385 0.538462 0.666667 0.798063
0.692308 0.538462 0.666667 0.702440
0.769231 0.538462 0.666667 0.565994
0.846154 0.538462 0.666667 0.396654
0.923077 0.538462 0.666667 0.204263
1.000000 0.538462 0.666667 0.000000
0.461538 0.615385 0.666667 0.798063
0.538462 0.615385 0.666667 0.798063
0.615385 0.615385 0.666667 0.751682
0.692308 0.615385 0.666667 0.661617
0.769231 0.615385 0.666667 0.533100
0.846154 0.615385 0.666667 0.373602
0.923077 0.615385 0.666667 0.192392
1.000000 0.615385 0.666667 0.000000
0.461538 0.692308 0.666667 0.702440
0.538462 0.692308 0.666667 0.702440
0.615385 0.692308 0.666667 0.661617
0.692308 0.692308 0.666667 0.582343
0.769231 0.692308 0.666667 0.469225
0.846154 0.692308 0.666667 0.328838
0.923077 0.692308 0.666667 0.169340
1.000000 0.692308 0.666667 0.000000
0.461538 0.769231 0.666667 0.565994
0.538462 0.769231 0.666667 0.565994
0.615385 0.769231 0.666667 0.533100
0.692308 0.769231 0.666667 0.469225
0.769231 0.769231 0.666667 0.378080
0.846154 0.769231 0.666667 0.264962
0.923077 0.769231 0.666667 0.136446
1.000000 0.769231 0.666667 0.000000
0.461538 0.846154 0.666667 0.396654
0.538462 0.846154 0.666667 0.396654
0.615385 0.846154 0.666667 0.373602
0.692308 0.846154 0.666667 0.328838
0.769231 0.846154 0.666667 0.264962
0.846154 0.846154 0.666667 0.185688
0.923077 0.846154 0.666667 0.095623
1.000000 0.846154 0.666667 0.000000
0.461538 0.923077 0.666667 0.204263
0.538462 0.923077 0.666667 0.204263
0.615385 0.923077 0.666667 0.192392
0.692308 0.923077 0.666667 0.169340
0.769231 0.923077 0.666667 0.136446
0.846154 0.923077 0.666667 0.095623
0.923077 0.923077 0.666667 0.049242
1.000000 0.923077 0.666667 0.000000
0.461538 1.000000 0.666667 0.000000
0.538462 1.000000 0.666667 0.000000
0.615385 1.000000 0.666667 0.000000
0.692308 1.000000 0.666667 0.000000
0.769231 1.000000 0.666667 0.000000
0.846154 1.000000 0.666667 0.000000
0.923077 1.000000 0.666667 0.000000
1.000000 1.000000 0.666667 0.000000
0.461538 0.461538 0.777778 0.628893
0.538462 0.461538 0.777778 0.628893
0.615385 0.461538 0.777778 0.592344
0.692308 0.461538 0.777778 0.521370
0.769231 0.461538 0.777778 0.420096
0.846154 0.461538 0.777778 0.294408
0.923077 0.461538 0.777778 0.151609
1.000000 0.461538 0.777778 0.000000
0.461538 0.538462 0.777778 0.628893
0.538462 0.538462 0.777778 0.628893
0.615385 0.538462 0.777778 0.592344
0.692308 0.538462 0.777778 0.521370
0.769231 0.538462 0.777778 0.420096
0.846154 0.538462 0.777778 0.294408
0.923077 0.538462 0.777778 0.151609
1.000000 0.538462 0.777778 0.000000
0.461538 0.615385 0.777778 0.592344
0.538462 0.615385 0.777778 0.592344
0.615385 0.615385 0.777778 0.557919
0.692308 0.615385 0.777778 0.491070
0.769231 0.615385 0.777778 0.395682
0.846154 0.615385 0.777778 0.277298
0.923077 0.615385 0.777778 0.142798
1.000000 0.615385 0.777778 0.000000
0.461538 0.692308 0.777778 0.521370
0.538462 0.692308 0.777778 0.521370
0.615385 0.692308 0.777778 0.491070
0.692308 0.692308 0.777778 0.432231
0.769231 0.692308 0.777778 0.348272
0.846154 0.692308 0.777778 0.244072
0.923077 0.692308 0.777778 0.125688
1.000000 0.692308 0.777778 0.000000
0.461538 0.769231 0.777778 0.420096
0.538462 0.769231 0.777778 0.420096
0.615385 0.769231 0.777778 0.395682
0.692308 0.769231 0.777778 0.348272
0.769231 0.769231 0.777778 0.280621
0.846154 0.769231 0.777778 0.196662
0.923077 0.769231 0.777778 0.101274
1.000000 0.769231 0.777778 0.000000
0.461538 0.846154 0.777778 0.294408
0.538462 0.846154 0.777778 0.294408
0.615385 0.846154 0.777778 0.277298
0.692308 0.846154 0.777778 0.244072
0.769231 0.846154 0.777778 0.196662
0.846154 0.846154 0.777778 0.137823
0.923077 0.846154 0.777778 0.070974
1.000000 0.846154 0.777778 0.000000
0.461538 0.923077 0.777778 0.151609
0.538462 0.923077 0.777778 0.151609
0.615385 0.923077 0.777778 0.142798
0.692308 0.923077 0.777778 0.125688
0.769231 0.923077 0.777778 0.101274
0.846154 0.923077 0.777778 0.070974
0.923077 0.923077 0.777778 0.036549
1.000000 0.923077 0.777778 0.000000
0.461538 1.000000 0.777778 0.000000
0.538462 1.000000 0.777778 0.000000
0.615385 1.000000 0.777778 0.000000
0.692308 1.000000 0.777778 0.000000
0.769231 1.000000 0.777778 0.000000
0.846154 1.000000 0.777778 0.000000
0.923077 1.000000 0.777778 0.000000
1.000000 1.000000 0.777778 0.000000
0.461538 0.461538 0.888889 0.334627
0.538462 0.461538 0.888889 0.334627
0.615385 0.461538 0.888889 0.315180
0.692308 0.461538 0.888889 0.277415
0.769231 0.461538 0.888889 0.223528
0.846154 0.461538 0.888889 0.156651
0.923077 0.461538 0.888889 0.080670
1.000000 0.461538 0.888889 0.000000
0.461538 0.538462 0.888889 0.334627
0.538462 0.538462 0.888889 0.334627
0.615385 0.538462 0.888889 0.315180
0.692308 0.538462 0.888889 0.277415
0.769231 0.538462 0.888889 0.223528
0.846154 0.538462 0.888889 0.156651
0.923077 0.538462 0.888889 0.080670
1.000000 0.538462 0.888889 0.000000
0.461538 0.615385 0.888889 0.315180
0.538462 0.615385 0.888889 0.315180
0.615385 0.615385 0.888889 0.296862
0.692308 0.615385 0.888889 0.261293
0.769231 0.615385 0.888889 0.210538
0.846154 0.615385 0.888889 0.147547
0.923077 0.615385 0.888889 0.075981
1.000000 0.615385 0.888889 0.000000
0.461538 0.692308 0.888889 0.277415
0.538462 0.692308 0.888889 0.277415
0.615385 0.692308 0.888889 0.261293
0.692308 0.692308 0.888889 0.229985
0.769231 0.692308 0.888889 0.185311
0.846154 0.692308 0.888889 0.129868
0.923077 0.692308 0.888889 0.066877
1.000000 0.692308 0.888889 0.000000
0.461538 0.769231 0.888889 0.223528
0.538462 0.769231 0.888889 0.223528
0.615385 0.769231 0.888889 0.210538
0.692308 0.769231 0.888889 0.185311
0.769231 0.769231 0.888889 0.149315
0.846154 0.769231 0.888889 0.104642
0.923077 0.769231 0.888889 0.053887
1.000000 0.769231 0.888889 0.000000
0.461538 0.846154 0.888889 0.156651
0.538462 0.846154 0.888889 0.156651
0.615385 0.846154 0.888889 0.147547
0.692308 0.846154 0.888889 0.129868
0.769231 0.846154 0.888889 0.104642
0.846154 0.846154 0.888889 0.073334
0.923077 0.846154 0.888889 0.037764
1.000000 0.846154 0.888889 0.000000
0.461538 0.923077 0.888889 0.080670
0.538462 0.923077 0.888889 0.080670
0.615385 0.923077 0.888889 0.075981
0.692308 0.923077 0.888889 0.066877
0.769231 0.923077 0.888889 0.053887
0.846154 0.923077 0.888889 0.037764
0.923077 0.923077 0.888889 0.019447
1.000000 0.923077 0.888889 0.000000
0.461538 1.000000 0.888889 0.000000
0.538462 1.000000 0.888889 0.000000
0.615385 1.000000 0.888889 0.000000
0.692308 1.000000 0.888889 0.000000
0.769231 1.000000 0.888889 0.000000
0.846154 1.000000 0.888889 0.000000
0.923077 1.000000 0.888889 0.000000
1.000000 1.000000 0.888889 0.000000
0.461538 0.461538 1.000000 0.000000
0.538462 0.461538 1.000000 0.000000
0.615385 0.461538 1.000000 0.000000
0.692308 0.461538 1.000000 0.000000
0.769231 0.461538 1.000000 0.000000
0.846154 0.461538 1.000000 0.000000
0.923077 0.461538 1.000000 0.000000
1.000000 0.461538 1.000000 0.000000
0.461538 0.538462 1.000000 0.000000
0.538462 0.538462 1.000000 0.000000
0.615385 0.538462 1.000000 0.000000
0.692308 0.538462 1.000000 0.000000
0.769231 0.538462 1.000000 0.000000
0.846154 0.538462 1.000000 0.000000
0.923077 0.538462 1.000000 0.000000
1.000000 0.538462 1.000000 0.000000
0.461538 0.615385 1.000000 0.000000
0.538462 0.615385 1.000000 0.000000
0.615385 0.615385 1.000000 0.000000
0.692308 0.615385 1.000000 0.000000
0.769231 0.615385 1.000000 0.000000
0.846154 0.615385 1.000000 0.000000
0.923077 0.615385 1.000000 0.000000
1.000000 0.615385 1.000000 0.000000
0.461538 0.692308 1.000000 0.000000
0.538462 0.692308 1.000000 0.000000
0.615385 0.692308 1.000000 0.000000
0.692308 0.692308 1.000000 0.000000
0.769231 0.692308 1.000000 0.000000
0.846154 0.692308 1.000000 0.000000
0.923077 0.692308 1.000000 0.000000
1.000000 0.692308 1.000000 0.000000
0.461538 0.769231 1.000000 0.000000
0.538462 0.769231 1.000000 0.000000
0.615385 0.769231 1.000000 0.000000
0.692308 0.769231 1.000000 0.000000
0.769231 0.769231 1.000000 0.000000
0.846154 0.769231 1.000000 0.000000
0.923077 0.769231 1.000000 0.000000
1.000000 0.769231 1.000000 0.000000
0.461538 0.846154 1.000000 0.000000
0.538462 0.846154 1.000000 0.000000
0.615385 0.846154 1.000000 0.000000
0.692308 0.846154 1.000000 0.000000
0.769231 0.846154 1.000000 0.000000
0.846154 0.846154 1.000000 0.000000
0.923077 0.846154 1.000000 0.000000
1.000000 0.846154 1.000000 0.000000
0.461538 0.923077 1.000000 0.000000
0.538462 0.923077 1.000000 0.000000
0.615385 0.923077 1.000000 0.000000
0.692308 0.923077 1.000000 0.000000
0.769231 0.923077 1.000000 0.000000
0.846154 0.923077 1.000000 0.000000
0.923077 0.923077 1.000000 0.000000
1.000000 0.923077 1.000000 0.000000
0.461538 1.000000 1.000000 0.000000
0.538462 1.000000 1.000000 0.000000
0.615385 1.000000 1.000000 0.000000
0.692308 1.000000 1.000000 0.000000
0.769231 1.000000 1.000000 0.000000
0.846154 1.000000 1.000000 0.000000
0.923077 1.000000 1.000000 0.000000
1.000000 1.000000 1.000000 0.000000
