0.692308 0.000000 0.000000 0.000000
0.769231 0.000000 0.000000 0.000000
0.846154 0.000000 0.000000 0.000000
0.923077 0.000000 0.000000 0.000000
1.000000 0.000000 0.000000 0.000000
0.692308 0.111111 0.000000 0.000000
0.769231 0.111111 0.000000 0.000000
0.846154 0.111111 0.000000 0.000000
0.923077 0.111111 0.000000 0.000000
1.000000 0.111111 0.000000 0.000000
0.692308 0.222222 0.000000 0.000000
0.769231 0.222222 0.000000 0.000000
0.846154 0.222222 0.000000 0.000000
0.923077 0.222222 0.000000 0.000000
1.000000 0.222222 0.000000 0.000000
0.692308 0.333333 0.000000 0.000000
0.769231 0.333333 0.000000 0.000000
0.846154 0.333333 0.000000 0.000000
0.923077 0.333333 0.000000 0.000000
1.000000 0.333333 0.000000 0.000000
0.692308 0.444444 0.000000 0.000000
0.769231 0.444444 0.000000 0.000000
0.846154 0.444444 0.000000 0.000000
0.923077 0.444444 0.000000 0.000000
1.000000 0.444444 0.000000 0.000000
0.692308 0.555556 0.000000 0.000000
0.769231 0.555556 0.000000 0.000000
0.846154 0.555556 0.000000 0.000000
0.923077 0.555556 0.000000 0.000000
1.000000 0.555556 0.000000 0.000000
0.692308 0.666667 0.000000 0.000000
0.769231 0.666667 0.000000 0.000000
0.846154 0.666667 0.000000 0.000000
0.923077 0.666667 0.000000 0.000000
1.000000 0.666667 0.000000 0.000000
0.692308 0.777778 0.000000 0.000000
0.769231 0.777778 0.000000 0.000000
0.846154 0.777778 0.000000 0.000000
0.923077 0.777778 0.000000 0.000000
1.000000 0.777778 0.000000 0.000000
0.692308 0.888889 0.000000 0.000000
0.769231 0.888889 0.000000 0.000000
0.846154 0.888889 0.000000 0.000000
0.923077 0.888889 0.000000 0.000000
1.000000 0.888889 0.000000 0.000000
0.692308 1.000000 0.000000 0.000000
0.769231 1.000000 0.000000 0.000000
0.846154 1.000000 0.000000 0.000000
0.923077 1.000000 0.000000 0.000000
1.000000 1.000000 0.000000 0.000000
0.692308 0.000000 0.111111 0.000000
0.769231 0.000000 0.111111 0.000000
0.846154 0.000000 0.111111 0.000000
0.923077 0.000000 0.111111 0.000000
1.000000 0.000000 0.111111 0.000000
0.692308 0.111111 0.111111 0.000000
0.769231 0.111111 0.111111 0.000000
0.846154 0.111111 0.111111 0.000000
0.923077 0.111111 0.111111 0.000000
1.000000 0.111111 0.111111 0.000000
0.692308 0.222222 0.111111 0.003421
0.769231 0.222222 0.111111 0.000000
0.846154 0.222222 0.111111 0.000000
0.923077 0.222222 0.111111 0.000000
1.000000 0.222222 0.111111 0.000000
0.692308 0.333333 0.111111 0.006429
0.769231 0.333333 0.111111 0.000000
0.846154 0.333333 0.111111 0.000000
0.923077 0.333333 0.111111 0.000000
1.000000 0.333333 0.111111 0.000000
0.692308 0.444444 0.111111 0.008661
0.769231 0.444444 0.111111 0.000000
0.846154 0.444444 0.111111 0.000000
0.923077 0.444444 0.111111 0.000000
1.000000 0.444444 0.111111 0.000000
0.692308 0.555556 0.111111 0.009849
0.769231 0.555556 0.111111 0.000000
0.846154 0.555556 0.111111 0.000000
0.923077 0.555556 0.111111 0.000000
1.000000 0.555556 0.111111 0.000000
0.692308 0.666667 0.111111 0.009849
0.769231 0.666667 0.111111 0.000000
0.846154 0.666667 0.111111 0.000000
0.923077 0.666667 0.111111 0.000000
1.000000 0.666667 0.111111 0.000000
0.692308 0.777778 0.111111 0.008661
0.769231 0.777778 0.111111 0.000000
0.846154 0.777778 0.111111 0.000000
0.923077 0.777778 0.111111 0.000000
1.000000 0.777778 0.111111 0.000000
0.692308 0.888889 0.111111 0.006429
0.769231 0.888889 0.111111 0.000000
0.846154 0.888889 0.111111 0.000000
0.923077 0.888889 0.111111 0.000000
1.000000 0.888889 0.111111 0.000000
0.692308 1.000000 0.111111 0.000000
0.769231 1.000000 0.111111 0.000000
0.846154 1.000000 0.111111 0.000000
0.923077 1.000000 0.111111 0.000000
1.000000 1.000000 0.111111 0.000000
0.692308 0.000000 0.222222 0.003421
0.769231 0.000000 0.222222 0.000000
0.846154 0.000000 0.222222 0.000000
0.923077 0.000000 0.222222 0.000000
1.000000 0.000000 0.222222 0.000000
0.692308 0.111111 0.222222 0.000000
0.769231 0.111111 0.222222 0.000000
0.846154 0.111111 0.222222 0.000000
0.923077 0.111111 0.222222 0.000000
1.000000 0.111111 0.222222 0.000000
0.692308 0.222222 0.222222 0.000000
0.769231 0.222222 0.222222 0.000000
0.846154 0.222222 0.222222 0.000000
0.923077 0.222222 0.222222 0.000000
1.000000 0.222222 0.222222 0.000000
0.692308 0.333333 0.222222 0.006429
0.769231 0.333333 0.222222 0.000000
0.846154 0.333333 0.222222 0.000000
0.923077 0.333333 0.222222 0.000000
1.000000 0.333333 0.222222 0.000000
0.692308 0.444444 0.222222 0.012082
0.769231 0.444444 0.222222 0.000000
0.846154 0.444444 0.222222 0.000000
0.923077 0.444444 0.222222 0.000000
1.000000 0.444444 0.222222 0.000000
0.692308 0.555556 0.222222 0.016278
0.769231 0.555556 0.222222 0.000000
0.846154 0.555556 0.222222 0.000000
0.923077 0.555556 0.222222 0.000000
1.000000 0.555556 0.222222 0.000000
0.692308 0.666667 0.222222 0.018510
0.769231 0.666667 0.222222 0.000000
0.846154 0.666667 0.222222 0.000000
0.923077 0.666667 0.222222 0.000000
1.000000 0.666667 0.222222 0.000000
0.692308 0.777778 0.222222 0.018510
0.769231 0.777778 0.222222 0.000000
0.846154 0.777778 0.222222 0.000000
0.923077 0.777778 0.222222 0.000000
1.000000 0.777778 0.222222 0.000000
0.692308 0.888889 0.222222 0.016278
0.769231 0.888889 0.222222 0.000000
0.846154 0.888889 0.222222 0.000000
0.923077 0.888889 0.222222 0.000000
1.000000 0.888889 0.222222 0.000000
0.692308 1.000000 0.222222 0.000000
0.769231 1.000000 0.222222 0.000000
0.846154 1.000000 0.222222 0.000000
0.923077 1.000000 0.222222 0.000000
1.000000 1.000000 0.222222 0.000000
0.692308 0.000000 0.333333 0.012082
0.769231 0.000000 0.333333 0.000000
0.846154 0.000000 0.333333 0.000000
0.923077 0.000000 0.333333 0.000000
1.000000 0.000000 0.333333 0.000000
0.692308 0.111111 0.333333 0.006429
0.769231 0.111111 0.333333 0.000000
0.846154 0.111111 0.333333 0.000000
0.923077 0.111111 0.333333 0.000000
1.000000 0.111111 0.333333 0.000000
0.692308 0.222222 0.333333 0.000000
0.769231 0.222222 0.333333 0.000000
0.846154 0.222222 0.333333 0.000000
0.923077 0.222222 0.333333 0.000000
1.000000 0.222222 0.333333 0.000000
0.692308 0.333333 0.333333 0.000000
0.769231 0.333333 0.333333 0.000000
0.846154 0.333333 0.333333 0.000000
0.923077 0.333333 0.333333 0.000000
1.000000 0.333333 0.333333 0.000000
0.692308 0.444444 0.333333 0.008661
0.769231 0.444444 0.333333 0.000000
0.846154 0.444444 0.333333 0.000000
0.923077 0.444444 0.333333 0.000000
1.000000 0.444444 0.333333 0.000000
0.692308 0.555556 0.333333 0.016278
0.769231 0.555556 0.333333 0.000000
0.846154 0.555556 0.333333 0.000000
0.923077 0.555556 0.333333 0.000000
1.000000 0.555556 0.333333 0.000000
0.692308 0.666667 0.333333 0.021931
0.769231 0.666667 0.333333 0.000000
0.846154 0.666667 0.333333 0.000000
0.923077 0.666667 0.333333 0.000000
1.000000 0.666667 0.333333 0.000000
0.692308 0.777778 0.333333 0.024939
0.769231 0.777778 0.333333 0.000000
0.846154 0.777778 0.333333 0.000000
0.923077 0.777778 0.333333 0.000000
1.000000 0.777778 0.333333 0.000000
0.692308 0.888889 0.333333 0.024939
0.769231 0.888889 0.333333 0.000000
0.846154 0.888889 0.333333 0.000000
0.923077 0.888889 0.333333 0.000000
1.000000 0.888889 0.333333 0.000000
0.692308 1.000000 0.333333 0.000000
0.769231 1.000000 0.333333 0.000000
0.846154 1.000000 0.333333 0.000000
0.923077 1.000000 0.333333 0.000000
1.000000 1.000000 0.333333 0.000000
0.692308 0.000000 0.444444 0.021931
0.769231 0.000000 0.444444 0.000000
0.846154 0.000000 0.444444 0.000000
0.923077 0.000000 0.444444 0.000000
1.000000 0.000000 0.444444 0.000000
0.692308 0.111111 0.444444 0.016278
0.769231 0.111111 0.444444 0.000000
0.846154 0.111111 0.444444 0.000000
0.923077 0.111111 0.444444 0.000000
1.000000 0.111111 0.444444 0.000000
0.692308 0.222222 0.444444 0.008661
0.769231 0.222222 0.444444 0.000000
0.846154 0.222222 0.444444 0.000000
0.923077 0.222222 0.444444 0.000000
1.000000 0.222222 0.444444 0.000000
0.692308 0.333333 0.444444 0.000000
0.769231 0.333333 0.444444 0.000000
0.846154 0.333333 0.444444 0.000000
0.923077 0.333333 0.444444 0.000000
1.000000 0.333333 0.444444 0.000000
0.692308 0.444444 0.444444 0.000000
0.769231 0.444444 0.444444 0.000000
0.846154 0.444444 0.444444 0.000000
0.923077 0.444444 0.444444 0.000000
1.000000 0.444444 0.444444 0.000000
0.692308 0.555556 0.444444 0.009849
0.769231 0.555556 0.444444 0.000000
0.846154 0.555556 0.444444 0.000000
0.923077 0.555556 0.444444 0.000000
1.000000 0.555556 0.444444 0.000000
0.692308 0.666667 0.444444 0.018510
0.769231 0.666667 0.444444 0.000000
0.846154 0.666667 0.444444 0.000000
0.923077 0.666667 0.444444 0.000000
1.000000 0.666667 0.444444 0.000000
0.692308 0.777778 0.444444 0.024939
0.769231 0.777778 0.444444 0.000000
0.846154 0.777778 0.444444 0.000000
0.923077 0.777778 0.444444 0.000000
1.000000 0.777778 0.444444 0.000000
0.692308 0.888889 0.444444 0.028359
0.769231 0.888889 0.444444 0.000000
0.846154 0.888889 0.444444 0.000000
0.923077 0.888889 0.444444 0.000000
1.000000 0.888889 0.444444 0.000000
0.692308 1.000000 0.444444 0.000000
0.769231 1.000000 0.444444 0.000000
0.846154 1.000000 0.444444 0.000000
0.923077 1.000000 0.444444 0.000000
1.000000 1.000000 0.444444 0.000000
0.692308 0.000000 0.555556 0.028359
0.769231 0.000000 0.555556 0.000000
0.846154 0.000000 0.555556 0.000000
0.923077 0.000000 0.555556 0.000000
1.000000 0.000000 0.555556 0.000000
0.692308 0.111111 0.555556 0.024939
0.769231 0.111111 0.555556 0.000000
0.846154 0.111111 0.555556 0.000000
0.923077 0.111111 0.555556 0.000000
1.000000 0.111111 0.555556 0.000000
0.692308 0.222222 0.555556 0.018510
0.769231 0.222222 0.555556 0.000000
0.846154 0.222222 0.555556 0.000000
0.923077 0.222222 0.555556 0.000000
1.000000 0.222222 0.555556 0.000000
0.692308 0.333333 0.555556 0.009849
0.769231 0.333333 0.555556 0.000000
0.846154 0.333333 0.555556 0.000000
0.923077 0.333333 0.555556 0.000000
1.000000 0.333333 0.555556 0.000000
0.692308 0.444444 0.555556 0.000000
0.769231 0.444444 0.555556 0.000000
0.846154 0.444444 0.555556 0.000000
0.923077 0.444444 0.555556 0.000000
1.000000 0.444444 0.555556 0.000000
0.692308 0.555556 0.555556 0.000000
0.769231 0.555556 0.555556 0.000000
0.846154 0.555556 0.555556 0.000000
0.923077 0.555556 0.555556 0.000000
1.000000 0.555556 0.555556 0.000000
0.692308 0.666667 0.555556 0.009849
0.769231 0.666667 0.555556 0.000000
0.846154 0.666667 0.555556 0.000000
0.923077 0.666667 0.555556 0.000000
1.000000 0.666667 0.555556 0.000000
0.692308 0.777778 0.555556 0.018510
0.769231 0.777778 0.555556 0.000000
0.846154 0.777778 0.555556 0.000000
0.923077 0.777778 0.555556 0.000000
1.000000 0.777778 0.555556 0.000000
0.692308 0.888889 0.555556 0.024939
0.769231 0.888889 0.555556 0.000000
0.846154 0.888889 0.555556 0.000000
0.923077 0.888889 0.555556 0.000000
1.000000 0.888889 0.555556 0.000000
0.692308 1.000000 0.555556 0.000000
0.769231 1.000000 0.555556 0.000000
0.846154 1.000000 0.555556 0.000000
0.923077 1.000000 0.555556 0.000000
1.000000 1.000000 0.555556 0.000000
0.692308 0.000000 0.666667 0.028359
0.769231 0.000000 0.666667 0.000000
0.846154 0.000000 0.666667 0.000000
0.923077 0.000000 0.666667 0.000000
1.000000 0.000000 0.666667 0.000000
0.692308 0.111111 0.666667 0.028359
0.769231 0.111111 0.666667 0.000000
0.846154 0.111111 0.666667 0.000000
0.923077 0.111111 0.666667 0.000000
1.000000 0.111111 0.666667 0.000000
0.692308 0.222222 0.666667 0.024939
0.769231 0.222222 0.666667 0.000000
0.846154 0.222222 0.666667 0.000000
0.923077 0.222222 0.666667 0.000000
1.000000 0.222222 0.666667 0.000000
0.692308 0.333333 0.666667 0.018510
0.769231 0.333333 0.666667 0.000000
0.846154 0.333333 0.666667 0.000000
0.923077 0.333333 0.666667 0.000000
1.000000 0.333333 0.666667 0.000000
0.692308 0.444444 0.666667 0.009849
0.769231 0.444444 0.666667 0.000000
0.846154 0.444444 0.666667 0.000000
0.923077 0.444444 0.666667 0.000000
1.000000 0.444444 0.666667 0.000000
0.692308 0.555556 0.666667 0.000000
0.769231 0.555556 0.666667 0.000000
0.846154 0.555556 0.666667 0.000000
0.923077 0.555556 0.666667 0.000000
1.000000 0.555556 0.666667 0.000000
0.692308 0.666667 0.666667 0.000000
0.769231 0.666667 0.666667 0.000000
0.846154 0.666667 0.666667 0.000000
0.923077 0.666667 0.666667 0.000000
1.000000 0.666667 0.666667 0.000000
0.692308 0.777778 0.666667 0.008661
0.769231 0.777778 0.666667 0.000000
0.846154 0.777778 0.666667 0.000000
0.923077 0.777778 0.666667 0.000000
1.000000 0.777778 0.666667 0.000000
0.692308 0.888889 0.666667 0.016278
0.769231 0.888889 0.666667 0.000000
0.846154 0.888889 0.666667 0.000000
0.923077 0.888889 0.666667 0.000000
1.000000 0.888889 0.666667 0.000000
0.692308 1.000000 0.666667 0.000000
0.769231 1.000000 0.666667 0.000000
0.846154 1.000000 0.666667 0.000000
0.923077 1.000000 0.666667 0.000000
1.000000 1.000000 0.666667 0.000000
0.692308 0.000000 0.777778 0.021931
0.769231 0.000000 0.777778 0.000000
0.846154 0.000000 0.777778 0.000000
0.923077 0.000000 0.777778 0.000000
1.000000 0.000000 0.777778 0.000000
0.692308 0.111111 0.777778 0.024939
0.769231 0.111111 0.777778 0.000000
0.846154 0.111111 0.777778 0.000000
0.923077 0.111111 0.777778 0.000000
1.000000 0.111111 0.777778 0.000000
0.692308 0.222222 0.777778 0.024939
0.769231 0.222222 0.777778 0.000000
0.846154 0.222222 0.777778 0.000000
0.923077 0.222222 0.777778 0.000000
1.000000 0.222222 0.777778 0.000000
0.692308 0.333333 0.777778 0.021931
0.769231 0.333333 0.777778 0.000000
0.846154 0.333333 0.777778 0.000000
0.923077 0.333333 0.777778 0.000000
1.000000 0.333333 0.777778 0.000000
0.692308 0.444444 0.777778 0.016278
0.769231 0.444444 0.777778 0.000000
0.846154 0.444444 0.777778 0.000000
0.923077 0.444444 0.777778 0.000000
1.000000 0.444444 0.777778 0.000000
0.692308 0.555556 0.777778 0.008661
0.769231 0.555556 0.777778 0.000000
0.846154 0.555556 0.777778 0.000000
0.923077 0.555556 0.777778 0.000000
1.000000 0.555556 0.777778 0.000000
0.692308 0.666667 0.777778 0.000000
0.769231 0.666667 0.777778 0.000000
0.846154 0.666667 0.777778 0.000000
0.923077 0.666667 0.777778 0.000000
1.000000 0.666667 0.777778 0.000000
0.692308 0.777778 0.777778 0.000000
0.769231 0.777778 0.777778 0.000000
0.846154 0.777778 0.777778 0.000000
0.923077 0.777778 0.777778 0.000000
1.000000 0.777778 0.777778 0.000000
0.692308 0.888889 0.777778 0.006429
0.769231 0.888889 0.777778 0.000000
0.846154 0.888889 0.777778 0.000000
0.923077 0.888889 0.777778 0.000000
1.000000 0.888889 0.777778 0.000000
0.692308 1.000000 0.777778 0.000000
0.769231 1.000000 0.777778 0.000000
0.846154 1.000000 0.777778 0.000000
0.923077 1.000000 0.777778 0.000000
1.000000 1.000000 0.777778 0.000000
0.692308 0.000000 0.888889 0.012082
0.769231 0.000000 0.888889 0.000000
0.846154 0.000000 0.888889 0.000000
0.923077 0.000000 0.888889 0.000000
1.000000 0.000000 0.888889 0.000000
0.692308 0.111111 0.888889 0.016278
0.769231 0.111111 0.888889 0.000000
0.846154 0.111111 0.888889 0.000000
0.923077 0.111111 0.888889 0.000000
1.000000 0.111111 0.888889 0.000000
0.692308 0.222222 0.888889 0.018510
0.769231 0.222222 0.888889 0.000000
0.846154 0.222222 0.888889 0.000000
0.923077 0.222222 0.888889 0.000000
1.000000 0.222222 0.888889 0.000000
0.692308 0.333333 0.888889 0.018510
0.769231 0.333333 0.888889 0.000000
0.846154 0.333333 0.888889 0.000000
0.923077 0.333333 0.888889 0.000000
1.000000 0.333333 0.888889 0.000000
0.692308 0.444444 0.888889 0.016278
0.769231 0.444444 0.888889 0.000000
0.846154 0.444444 0.888889 0.000000
0.923077 0.444444 0.888889 0.000000
1.000000 0.444444 0.888889 0.000000
0.692308 0.555556 0.888889 0.012082
0.769231 0.555556 0.888889 0.000000
0.846154 0.555556 0.888889 0.000000
0.923077 0.555556 0.888889 0.000000
1.000000 0.555556 0.888889 0.000000
0.692308 0.666667 0.888889 0.006429
0.769231 0.666667 0.888889 0.000000
0.846154 0.666667 0.888889 0.000000
0.923077 0.666667 0.888889 0.000000
1.000000 0.666667 0.888889 0.000000
0.692308 0.777778 0.888889 0.000000
0.769231 0.777778 0.888889 0.000000
0.846154 0.777778 0.888889 0.000000
0.923077 0.777778 0.888889 0.000000
1.000000 0.777778 0.888889 0.000000
0.692308 0.888889 0.888889 0.000000
0.769231 0.888889 0.888889 0.000000
0.846154 0.888889 0.888889 0.000000
0.923077 0.888889 0.888889 0.000000
1.000000 0.888889 0.888889 0.000000
0.692308 1.000000 0.888889 0.000000
0.769231 1.000000 0.888889 0.000000
0.846154 1.000000 0.888889 0.000000
0.923077 1.000000 0.888889 0.000000
1.000000 1.000000 0.888889 0.000000
0.692308 0.000000 1.000000 0.000000
0.769231 0.000000 1.000000 0.000000
0.846154 0.000000 1.000000 0.000000
0.923077 0.000000 1.000000 0.000000
1.000000 0.000000 1.000000 0.000000
0.692308 0.111111 1.000000 0.000000
0.769231 0.111111 1.000000 0.000000
0.846154 0.111111 1.000000 0.000000
0.923077 0.111111 1.000000 0.000000
1.000000 0.111111 1.000000 0.000000
0.692308 0.222222 1.000000 0.000000
0.769231 0.222222 1.000000 0.000000
0.846154 0.222222 1.000000 0.000000
0.923077 0.222222 1.000000 0.000000
1.000000 0.222222 1.000000 0.000000
0.692308 0.333333 1.000000 0.000000
0.769231 0.333333 1.000000 0.000000
0.846154 0.333333 1.000000 0.000000
0.923077 0.333333 1.000000 0.000000
1.000000 0.333333 1.000000 0.000000
0.692308 0.444444 1.000000 0.000000
0.769231 0.444444 1.000000 0.000000
0.846154 0.444444 1.000000 0.000000
0.923077 0.444444 1.000000 0.000000
1.000000 0.444444 1.000000 0.000000
0.692308 0.555556 1.000000 0.000000
0.769231 0.555556 1.000000 0.000000
0.846154 0.555556 1.000000 0.000000
0.923077 0.555556 1.000000 0.000000
1.000000 0.555556 1.000000 0.000000
0.692308 0.666667 1.000000 0.000000
0.769231 0.666667 1.000000 0.000000
0.846154 0.666667 1.000000 0.000000
0.923077 0.666667 1.000000 0.000000
1.000000 0.666667 1.000000 0.000000
0.692308 0.777778 1.000000 0.000000
0.769231 0.777778 1.000000 0.000000
0.846154 0.777778 1.000000 0.000000
0.923077 0.777778 1.000000 0.000000
1.000000 0.777778 1.000000 0.000000
0.692308 0.888889 1.000000 0.000000
0.769231 0.888889 1.000000 0.000000
0.846154 0.888889 1.000000 0.000000
0.923077 0.888889 1.000000 0.000000
1.000000 0.888889 1.000000 0.000000
0.692308 1.000000 1.000000 0.000000
0.769231 1.000000 1.000000 0.000000
0.846154 1.000000 1.000000 0.000000
0.923077 1.000000 1.000000 0.000000
1.000000 1.000000 1.000000 0.000000
