0.230769 0.000000 0.000000 0.000000
0.307692 0.000000 0.000000 0.000000
0.384615 0.000000 0.000000 0.000000
0.461538 0.000000 0.000000 0.000000
0.538462 0.000000 0.000000 0.000000
0.230769 0.111111 0.000000 0.000000
0.307692 0.111111 0.000000 0.000000
0.384615 0.111111 0.000000 0.000000
0.461538 0.111111 0.000000 0.000000
0.538462 0.111111 0.000000 0.000000
0.230769 0.222222 0.000000 0.000000
0.307692 0.222222 0.000000 0.000000
0.384615 0.222222 0.000000 0.000000
0.461538 0.222222 0.000000 0.000000
0.538462 0.222222 0.000000 0.000000
0.230769 0.333333 0.000000 0.000000
0.307692 0.333333 0.000000 0.000000
0.384615 0.333333 0.000000 0.000000
0.461538 0.333333 0.000000 0.000000
0.538462 0.333333 0.000000 0.000000
0.230769 0.444444 0.000000 0.000000
0.307692 0.444444 0.000000 0.000000
0.384615 0.444444 0.000000 0.000000
0.461538 0.444444 0.000000 0.000000
0.538462 0.444444 0.000000 0.000000
0.230769 0.555556 0.000000 0.000000
0.307692 0.555556 0.000000 0.000000
0.384615 0.555556 0.000000 0.000000
0.461538 0.555556 0.000000 0.000000
0.538462 0.555556 0.000000 0.000000
0.230769 0.666667 0.000000 0.000000
0.307692 0.666667 0.000000 0.000000
0.384615 0.666667 0.000000 0.000000
0.461538 0.666667 0.000000 0.000000
0.538462 0.666667 0.000000 0.000000
0.230769 0.777778 0.000000 0.000000
0.307692 0.777778 0.000000 0.000000
0.384615 0.777778 0.000000 0.000000
0.461538 0.777778 0.000000 0.000000
0.538462 0.777778 0.000000 0.000000
0.230769 0.888889 0.000000 0.000000
0.307692 0.888889 0.000000 0.000000
0.384615 0.888889 0.000000 0.000000
0.461538 0.888889 0.000000 0.000000
0.538462 0.888889 0.000000 0.000000
0.230769 1.000000 0.000000 0.000000
0.307692 1.000000 0.000000 0.000000
0.384615 1.000000 0.000000 0.000000
0.461538 1.000000 0.000000 0.000000
0.538462 1.000000 0.000000 0.000000
0.230769 0.000000 0.111111 0.000000
0.307692 0.000000 0.111111 0.000000
0.384615 0.000000 0.111111 0.000000
0.461538 0.000000 0.111111 0.000000
0.538462 0.000000 0.111111 0.000000
0.230769 0.111111 0.111111 0.002756
0.307692 0.111111 0.111111 0.000000
0.384615 0.111111 0.111111 0.000000
0.461538 0.111111 0.111111 0.000000
0.538462 0.111111 0.111111 0.004126
0.230769 0.222222 0.111111 0.005180
0.307692 0.222222 0.111111 0.000000
0.384615 0.222222 0.111111 0.000000
0.461538 0.222222 0.111111 0.000000
0.538462 0.222222 0.111111 0.007754
0.230769 0.333333 0.111111 0.006979
0.307692 0.333333 0.111111 0.000000
0.384615 0.333333 0.111111 0.000000
0.461538 0.333333 0.111111 0.000000
0.538462 0.333333 0.111111 0.010447
0.230769 0.444444 0.111111 0.007936
0.307692 0.444444 0.111111 0.000000
0.384615 0.444444 0.111111 0.000000
0.461538 0.444444 0.111111 0.000000
0.538462 0.444444 0.111111 0.011880
0.230769 0.555556 0.111111 0.007936
0.307692 0.555556 0.111111 0.000000
0.384615 0.555556 0.111111 0.000000
0.461538 0.555556 0.111111 0.000000
0.538462 0.555556 0.111111 0.011880
0.230769 0.666667 0.111111 0.006979
0.307692 0.666667 0.111111 0.000000
0.384615 0.666667 0.111111 0.000000
0.461538 0.666667 0.111111 0.000000
0.538462 0.666667 0.111111 0.010447
0.230769 0.777778 0.111111 0.005180
0.307692 0.777778 0.111111 0.000000
0.384615 0.777778 0.111111 0.000000
0.461538 0.777778 0.111111 0.000000
0.538462 0.777778 0.111111 0.007754
0.230769 0.888889 0.111111 0.002756
0.307692 0.888889 0.111111 0.000000
0.384615 0.888889 0.111111 0.000000
0.461538 0.888889 0.111111 0.000000
0.538462 0.888889 0.111111 0.004126
0.230769 1.000000 0.111111 0.000000
0.307692 1.000000 0.111111 0.000000
0.384615 1.000000 0.111111 0.000000
0.461538 1.000000 0.111111 0.000000
0.538462 1.000000 0.111111 0.000000
0.230769 0.000000 0.222222 0.000000
0.307692 0.000000 0.222222 0.000000
0.384615 0.000000 0.222222 0.000000
0.461538 0.000000 0.222222 0.000000
0.538462 0.000000 0.222222 0.000000
0.230769 0.111111 0.222222 0.005180
0.307692 0.111111 0.222222 0.000000
0.384615 0.111111 0.222222 0.000000
0.461538 0.111111 0.222222 0.000000
0.538462 0.111111 0.222222 0.007754
0.230769 0.222222 0.222222 0.009735
0.307692 0.222222 0.222222 0.000000
0.384615 0.222222 0.222222 0.000000
0.461538 0.222222 0.222222 0.000000
0.538462 0.222222 0.222222 0.014573
0.230769 0.333333 0.222222 0.013116
0.307692 0.333333 0.222222 0.000000
0.384615 0.333333 0.222222 0.000000
0.461538 0.333333 0.222222 0.000000
0.538462 0.333333 0.222222 0.019635
0.230769 0.444444 0.222222 0.014915
0.307692 0.444444 0.222222 0.000000
0.384615 0.444444 0.222222 0.000000
0.461538 0.444444 0.222222 0.000000
0.538462 0.444444 0.222222 0.022328
0.230769 0.555556 0.222222 0.014915
0.307692 0.555556 0.222222 0.000000
0.384615 0.555556 0.222222 0.000000
0.461538 0.555556 0.222222 0.000000
0.538462 0.555556 0.222222 0.022328
0.230769 0.666667 0.222222 0.013116
0.307692 0.666667 0.222222 0.000000
0.384615 0.666667 0.222222 0.000000
0.461538 0.666667 0.222222 0.000000
0.538462 0.666667 0.222222 0.019635
0.230769 0.777778 0.222222 0.009735
0.307692 0.777778 0.222222 0.000000
0.384615 0.777778 0.222222 0.000000
0.461538 0.777778 0.222222 0.000000
0.538462 0.777778 0.222222 0.014573
0.230769 0.888889 0.222222 0.005180
0.307692 0.888889 0.222222 0.000000
0.384615 0.888889 0.222222 0.000000
0.461538 0.888889 0.222222 0.000000
0.538462 0.888889 0.222222 0.007754
0.230769 1.000000 0.222222 0.000000
0.307692 1.000000 0.222222 0.000000
0.384615 1.000000 0.222222 0.000000
0.461538 1.000000 0.222222 0.000000
0.538462 1.000000 0.222222 0.000000
0.230769 0.000000 0.333333 0.000000
0.307692 0.000000 0.333333 0.000000
0.384615 0.000000 0.333333 0.000000
0.461538 0.000000 0.333333 0.000000
0.538462 0.000000 0.333333 0.000000
0.230769 0.111111 0.333333 0.006979
0.307692 0.111111 0.333333 0.000000
0.384615 0.111111 0.333333 0.000000
0.461538 0.111111 0.333333 0.000000
0.538462 0.111111 0.333333 0.010447
0.230769 0.222222 0.333333 0.013116
0.307692 0.222222 0.333333 0.000000
0.384615 0.222222 0.333333 0.000000
0.461538 0.222222 0.333333 0.000000
0.538462 0.222222 0.333333 0.019635
0.230769 0.333333 0.333333 0.017671
0.307692 0.333333 0.333333 0.000000
0.384615 0.333333 0.333333 0.000000
0.461538 0.333333 0.333333 0.000000
0.538462 0.333333 0.333333 0.026454
0.230769 0.444444 0.333333 0.020095
0.307692 0.444444 0.333333 0.000000
0.384615 0.444444 0.333333 0.000000
0.461538 0.444444 0.333333 0.000000
0.538462 0.444444 0.333333 0.030082
0.230769 0.555556 0.333333 0.020095
0.307692 0.555556 0.333333 0.000000
0.384615 0.555556 0.333333 0.000000
0.461538 0.555556 0.333333 0.000000
0.538462 0.555556 0.333333 0.030082
0.230769 0.666667 0.333333 0.017671
0.307692 0.666667 0.333333 0.000000
0.384615 0.666667 0.333333 0.000000
0.461538 0.666667 0.333333 0.000000
0.538462 0.666667 0.333333 0.026454
0.230769 0.777778 0.333333 0.013116
0.307692 0.777778 0.333333 0.000000
0.384615 0.777778 0.333333 0.000000
0.461538 0.777778 0.333333 0.000000
0.538462 0.777778 0.333333 0.019635
0.230769 0.888889 0.333333 0.006979
0.307692 0.888889 0.333333 0.000000
0.384615 0.888889 0.333333 0.000000
0.461538 0.888889 0.333333 0.000000
0.538462 0.888889 0.333333 0.010447
0.230769 1.000000 0.333333 0.000000
0.307692 1.000000 0.333333 0.000000
0.384615 1.000000 0.333333 0.000000
0.461538 1.000000 0.333333 0.000000
0.538462 1.000000 0.333333 0.000000
0.230769 0.000000 0.444444 0.000000
0.307692 0.000000 0.444444 0.000000
0.384615 0.000000 0.444444 0.000000
0.461538 0.000000 0.444444 0.000000
0.538462 0.000000 0.444444 0.000000
0.230769 0.111111 0.444444 0.007936
0.307692 0.111111 0.444444 0.000000
0.384615 0.111111 0.444444 0.000000
0.461538 0.111111 0.444444 0.000000
0.538462 0.111111 0.444444 0.011880
0.230769 0.222222 0.444444 0.014915
0.307692 0.222222 0.444444 0.000000
0.384615 0.222222 0.444444 0.000000
0.461538 0.222222 0.444444 0.000000
0.538462 0.222222 0.444444 0.022328
0.230769 0.333333 0.444444 0.020095
0.307692 0.333333 0.444444 0.000000
0.384615 0.333333 0.444444 0.000000
0.461538 0.333333 0.444444 0.000000
0.538462 0.333333 0.444444 0.030082
0.230769 0.444444 0.444444 0.022851
0.307692 0.444444 0.444444 0.000000
0.384615 0.444444 0.444444 0.000000
0.461538 0.444444 0.444444 0.000000
0.538462 0.444444 0.444444 0.034208
0.230769 0.555556 0.444444 0.022851
0.307692 0.555556 0.444444 0.000000
0.384615 0.555556 0.444444 0.000000
0.461538 0.555556 0.444444 0.000000
0.538462 0.555556 0.444444 0.034208
0.230769 0.666667 0.444444 0.020095
0.307692 0.666667 0.444444 0.000000
0.384615 0.666667 0.444444 0.000000
0.461538 0.666667 0.444444 0.000000
0.538462 0.666667 0.444444 0.030082
0.230769 0.777778 0.444444 0.014915
0.307692 0.777778 0.444444 0.000000
0.384615 0.777778 0.444444 0.000000
0.461538 0.777778 0.444444 0.000000
0.538462 0.777778 0.444444 0.022328
0.230769 0.888889 0.444444 0.007936
0.307692 0.888889 0.444444 0.000000
0.384615 0.888889 0.444444 0.000000
0.461538 0.888889 0.444444 0.000000
0.538462 0.888889 0.444444 0.011880
0.230769 1.000000 0.444444 0.000000
0.307692 1.000000 0.444444 0.000000
0.384615 1.000000 0.444444 0.000000
0.461538 1.000000 0.444444 0.000000
0.538462 1.000000 0.444444 0.000000
0.230769 0.000000 0.555556 0.000000
0.307692 0.000000 0.555556 0.000000
0.384615 0.000000 0.555556 0.000000
0.461538 0.000000 0.555556 0.000000
0.538462 0.000000 0.555556 0.000000
0.230769 0.111111 0.555556 0.007936
0.307692 0.111111 0.555556 0.000000
0.384615 0.111111 0.555556 0.000000
0.461538 0.111111 0.555556 0.000000
0.538462 0.111111 0.555556 0.011880
0.230769 0.222222 0.555556 0.014915
0.307692 0.222222 0.555556 0.000000
0.384615 0.222222 0.555556 0.000000
0.461538 0.222222 0.555556 0.000000
0.538462 0.222222 0.555556 0.022328
0.230769 0.333333 0.555556 0.020095
0.307692 0.333333 0.555556 0.000000
0.384615 0.333333 0.555556 0.000000
0.461538 0.333333 0.555556 0.000000
0.538462 0.333333 0.555556 0.030082
0.230769 0.444444 0.555556 0.022851
0.307692 0.444444 0.555556 0.000000
0.384615 0.444444 0.555556 0.000000
0.461538 0.444444 0.555556 0.000000
0.538462 0.444444 0.555556 0.034208
0.230769 0.555556 0.555556 0.022851
0.307692 0.555556 0.555556 0.000000
0.384615 0.555556 0.555556 0.000000
0.461538 0.555556 0.555556 0.000000
0.538462 0.555556 0.555556 0.034208
0.230769 0.666667 0.555556 0.020095
0.307692 0.666667 0.555556 0.000000
0.384615 0.666667 0.555556 0.000000
0.461538 0.666667 0.555556 0.000000
0.538462 0.666667 0.555556 0.030082
0.230769 0.777778 0.555556 0.014915
0.307692 0.777778 0.555556 0.000000
0.384615 0.777778 0.555556 0.000000
0.461538 0.777778 0.555556 0.000000
0.538462 0.777778 0.555556 0.022328
0.230769 0.888889 0.555556 0.007936
0.307692 0.888889 0.555556 0.000000
0.384615 0.888889 0.555556 0.000000
0.461538 0.888889 0.555556 0.000000
0.538462 0.888889 0.555556 0.011880
0.230769 1.000000 0.555556 0.000000
0.307692 1.000000 0.555556 0.000000
0.384615 1.000000 0.555556 0.000000
0.461538 1.000000 0.555556 0.000000
0.538462 1.000000 0.555556 0.000000
0.230769 0.000000 0.666667 0.000000
0.307692 0.000000 0.666667 0.000000
0.384615 0.000000 0.666667 0.000000
0.461538 0.000000 0.666667 0.000000
0.538462 0.000000 0.666667 0.000000
0.230769 0.111111 0.666667 0.006979
0.307692 0.111111 0.666667 0.000000
0.384615 0.111111 0.666667 0.000000
0.461538 0.111111 0.666667 0.000000
0.538462 0.111111 0.666667 0.010447
0.230769 0.222222 0.666667 0.013116
0.307692 0.222222 0.666667 0.000000
0.384615 0.222222 0.666667 0.000000
0.461538 0.222222 0.666667 0.000000
0.538462 0.222222 0.666667 0.019635
0.230769 0.333333 0.666667 0.017671
0.307692 0.333333 0.666667 0.000000
0.384615 0.333333 0.666667 0.000000
0.461538 0.333333 0.666667 0.000000
0.538462 0.333333 0.666667 0.026454
0.230769 0.444444 0.666667 0.020095
0.307692 0.444444 0.666667 0.000000
0.384615 0.444444 0.666667 0.000000
0.461538 0.444444 0.666667 0.000000
0.538462 0.444444 0.666667 0.030082
0.230769 0.555556 0.666667 0.020095
0.307692 0.555556 0.666667 0.000000
0.384615 0.555556 0.666667 0.000000
0.461538 0.555556 0.666667 0.000000
0.538462 0.555556 0.666667 0.030082
0.230769 0.666667 0.666667 0.017671
0.307692 0.666667 0.666667 0.000000
0.384615 0.666667 0.666667 0.000000
0.461538 0.666667 0.666667 0.000000
0.538462 0.666667 0.666667 0.026454
0.230769 0.777778 0.666667 0.013116
0.307692 0.777778 0.666667 0.000000
0.384615 0.777778 0.666667 0.000000
0.461538 0.777778 0.666667 0.000000
0.538462 0.777778 0.666667 0.019635
0.230769 0.888889 0.666667 0.006979
0.307692 0.888889 0.666667 0.000000
0.384615 0.888889 0.666667 0.000000
0.461538 0.888889 0.666667 0.000000
0.538462 0.888889 0.666667 0.010447
0.230769 1.000000 0.666667 0.000000
0.307692 1.000000 0.666667 0.000000
0.384615 1.000000 0.666667 0.000000
0.461538 1.000000 0.666667 0.000000
0.538462 1.000000 0.666667 0.000000
0.230769 0.000000 0.777778 0.000000
0.307692 0.000000 0.777778 0.000000
0.384615 0.000000 0.777778 0.000000
0.461538 0.000000 0.777778 0.000000
0.538462 0.000000 0.777778 0.000000
0.230769 0.111111 0.777778 0.005180
0.307692 0.111111 0.777778 0.000000
0.384615 0.111111 0.777778 0.000000
0.461538 0.111111 0.777778 0.000000
0.538462 0.111111 0.777778 0.007754
0.230769 0.222222 0.777778 0.009735
0.307692 0.222222 0.777778 0.000000
0.384615 0.222222 0.777778 0.000000
0.461538 0.222222 0.777778 0.000000
0.538462 0.222222 0.777778 0.014573
0.230769 0.333333 0.777778 0.013116
0.307692 0.333333 0.777778 0.000000
0.384615 0.333333 0.777778 0.000000
0.461538 0.333333 0.777778 0.000000
0.538462 0.333333 0.777778 0.019635
0.230769 0.444444 0.777778 0.014915
0.307692 0.444444 0.777778 0.000000
0.384615 0.444444 0.777778 0.000000
0.461538 0.444444 0.777778 0.000000
0.538462 0.444444 0.777778 0.022328
0.230769 0.555556 0.777778 0.014915
0.307692 0.555556 0.777778 0.000000
0.384615 0.555556 0.777778 0.000000
0.461538 0.555556 0.777778 0.000000
0.538462 0.555556 0.777778 0.022328
0.230769 0.666667 0.777778 0.013116
0.307692 0.666667 0.777778 0.000000
0.384615 0.666667 0.777778 0.000000
0.461538 0.666667 0.777778 0.000000
0.538462 0.666667 0.777778 0.019635
0.230769 0.777778 0.777778 0.009735
0.307692 0.777778 0.777778 0.000000
0.384615 0.777778 0.777778 0.000000
0.461538 0.777778 0.777778 0.000000
0.538462 0.777778 0.777778 0.014573
0.230769 0.888889 0.777778 0.005180
0.307692 0.888889 0.777778 0.000000
0.384615 0.888889 0.777778 0.000000
0.461538 0.888889 0.777778 0.000000
0.538462 0.888889 0.777778 0.007754
0.230769 1.000000 0.777778 0.000000
0.307692 1.000000 0.777778 0.000000
0.384615 1.000000 0.777778 0.000000
0.461538 1.000000 0.777778 0.000000
0.538462 1.000000 0.777778 0.000000
0.230769 0.000000 0.888889 0.000000
0.307692 0.000000 0.888889 0.000000
0.384615 0.000000 0.888889 0.000000
0.461538 0.000000 0.888889 0.000000
0.538462 0.000000 0.888889 0.000000
0.230769 0.111111 0.888889 0.002756
0.307692 0.111111 0.888889 0.000000
0.384615 0.111111 0.888889 0.000000
0.461538 0.111111 0.888889 0.000000
0.538462 0.111111 0.888889 0.004126
0.230769 0.222222 0.888889 0.005180
0.307692 0.222222 0.888889 0.000000
0.384615 0.222222 0.888889 0.000000
0.461538 0.222222 0.888889 0.000000
0.538462 0.222222 0.888889 0.007754
0.230769 0.333333 0.888889 0.006979
0.307692 0.333333 0.888889 0.000000
0.384615 0.333333 0.888889 0.000000
0.461538 0.333333 0.888889 0.000000
0.538462 0.333333 0.888889 0.010447
0.230769 0.444444 0.888889 0.007936
0.307692 0.444444 0.888889 0.000000
0.384615 0.444444 0.888889 0.000000
0.461538 0.444444 0.888889 0.000000
0.538462 0.444444 0.888889 0.011880
0.230769 0.555556 0.888889 0.007936
0.307692 0.555556 0.888889 0.000000
0.384615 0.555556 0.888889 0.000000
0.461538 0.555556 0.888889 0.000000
0.538462 0.555556 0.888889 0.011880
0.230769 0.666667 0.888889 0.006979
0.307692 0.666667 0.888889 0.000000
0.384615 0.666667 0.888889 0.000000
0.461538 0.666667 0.888889 0.000000
0.538462 0.666667 0.888889 0.010447
0.230769 0.777778 0.888889 0.005180
0.307692 0.777778 0.888889 0.000000
0.384615 0.777778 0.888889 0.000000
0.461538 0.777778 0.888889 0.000000
0.538462 0.777778 0.888889 0.007754
0.230769 0.888889 0.888889 0.002756
0.307692 0.888889 0.888889 0.000000
0.384615 0.888889 0.888889 0.000000
0.461538 0.888889 0.888889 0.000000
0.538462 0.888889 0.888889 0.004126
0.230769 1.000000 0.888889 0.000000
0.307692 1.000000 0.888889 0.000000
0.384615 1.000000 0.888889 0.000000
0.461538 1.000000 0.888889 0.000000
0.538462 1.000000 0.888889 0.000000
0.230769 0.000000 1.000000 0.000000
0.307692 0.000000 1.000000 0.000000
0.384615 0.000000 1.000000 0.000000
0.461538 0.000000 1.000000 0.000000
0.538462 0.000000 1.000000 163791596497341990105168348445923098967625531306905173358054953566803393150892400705712362094592.000000
0.230769 0.111111 1.000000 0.000000
0.307692 0.111111 1.000000 0.000000
0.384615 0.111111 1.000000 0.000000
0.461538 0.111111 1.000000 0.000000
0.538462 0.111111 1.000000 0.000000
0.230769 0.222222 1.000000 0.000000
0.307692 0.222222 1.000000 0.000000
0.384615 0.222222 1.000000 0.000000
0.461538 0.222222 1.000000 0.000000
0.538462 0.222222 1.000000 0.000000
0.230769 0.333333 1.000000 0.000000
0.307692 0.333333 1.000000 0.000000
0.384615 0.333333 1.000000 0.000000
0.461538 0.333333 1.000000 0.000000
0.538462 0.333333 1.000000 0.000000
0.230769 0.444444 1.000000 0.000000
0.307692 0.444444 1.000000 0.000000
0.384615 0.444444 1.000000 0.000000
0.461538 0.444444 1.000000 0.000000
0.538462 0.444444 1.000000 163791596497341990105168348445923098967625531306905173358054953566803393150892400705712362094592.000000
0.230769 0.555556 1.000000 0.000000
0.307692 0.555556 1.000000 0.000000
0.384615 0.555556 1.000000 0.000000
0.461538 0.555556 1.000000 0.000000
0.538462 0.555556 1.000000 0.000000
0.230769 0.666667 1.000000 0.000000
0.307692 0.666667 1.000000 0.000000
0.384615 0.666667 1.000000 0.000000
0.461538 0.666667 1.000000 0.000000
0.538462 0.666667 1.000000 0.000000
0.230769 0.777778 1.000000 0.000000
0.307692 0.777778 1.000000 0.000000
0.384615 0.777778 1.000000 0.000000
0.461538 0.777778 1.000000 0.000000
0.538462 0.777778 1.000000 0.000000
0.230769 0.888889 1.000000 0.000000
0.307692 0.888889 1.000000 0.000000
0.384615 0.888889 1.000000 0.000000
0.461538 0.888889 1.000000 0.000000
0.538462 0.888889 1.000000 0.000000
0.230769 1.000000 1.000000 0.000000
0.307692 1.000000 1.000000 0.000000
0.384615 1.000000 1.000000 0.000000
0.461538 1.000000 1.000000 0.000000
0.538462 1.000000 1.000000 245687394746012955514977677915938620017266134736253349599966355946220695625197095032807355318272.000000
