0.000000 0.000000 0.000000 0.000000
0.200000 0.000000 0.000000 0.000000
0.400000 0.000000 0.000000 0.000000
0.000000 0.200000 0.000000 0.000000
0.200000 0.200000 0.000000 0.000000
0.400000 0.200000 0.000000 0.000000
0.000000 0.400000 0.000000 0.000000
0.200000 0.400000 0.000000 0.000000
0.400000 0.400000 0.000000 0.000000
0.000000 0.600000 0.000000 0.000000
0.200000 0.600000 0.000000 0.000000
0.400000 0.600000 0.000000 0.000000
0.000000 0.800000 0.000000 0.000000
0.200000 0.800000 0.000000 0.000000
0.400000 0.800000 0.000000 0.000000
0.000000 1.000000 0.000000 0.000000
0.200000 1.000000 0.000000 0.000000
0.400000 1.000000 0.000000 0.000000
0.000000 0.000000 0.200000 0.000000
0.200000 0.000000 0.200000 0.000000
0.400000 0.000000 0.200000 0.000000
0.000000 0.200000 0.200000 0.000000
0.200000 0.200000 0.200000 0.036077
0.400000 0.200000 0.200000 0.058374
0.000000 0.400000 0.200000 0.000000
0.200000 0.400000 0.200000 0.058374
0.400000 0.400000 0.200000 0.094450
0.000000 0.600000 0.200000 0.000000
0.200000 0.600000 0.200000 0.058374
0.400000 0.600000 0.200000 0.094450
0.000000 0.800000 0.200000 0.000000
0.200000 0.800000 0.200000 0.036077
0.400000 0.800000 0.200000 0.058374
0.000000 1.000000 0.200000 0.000000
0.200000 1.000000 0.200000 0.000000
0.400000 1.000000 0.200000 0.000000
0.000000 0.000000 0.400000 0.000000
0.200000 0.000000 0.400000 0.000000
0.400000 0.000000 0.400000 0.000000
0.000000 0.200000 0.400000 0.000000
0.200000 0.200000 0.400000 0.058374
0.400000 0.200000 0.400000 0.094450
0.000000 0.400000 0.400000 0.000000
0.200000 0.400000 0.400000 0.094450
0.400000 0.400000 0.400000 0.152824
0.000000 0.600000 0.400000 0.000000
0.200000 0.600000 0.400000 0.094450
0.400000 0.600000 0.400000 0.152824
0.000000 0.800000 0.400000 0.000000
0.200000 0.800000 0.400000 0.058374
0.400000 0.800000 0.400000 0.094450
0.000000 1.000000 0.400000 0.000000
0.200000 1.000000 0.400000 0.000000
0.400000 1.000000 0.400000 0.000000
0.000000 0.000000 0.600000 0.000000
0.200000 0.000000 0.600000 0.000000
0.400000 0.000000 0.600000 0.000000
0.000000 0.200000 0.600000 0.000000
0.200000 0.200000 0.600000 0.058374
0.400000 0.200000 0.600000 0.094450
0.000000 0.400000 0.600000 0.000000
0.200000 0.400000 0.600000 0.094450
0.400000 0.400000 0.600000 0.152824
0.000000 0.600000 0.600000 0.000000
0.200000 0.600000 0.600000 0.094450
0.400000 0.600000 0.600000 0.152824
0.000000 0.800000 0.600000 0.000000
0.200000 0.800000 0.600000 0.058374
0.400000 0.800000 0.600000 0.094450
0.000000 1.000000 0.600000 0.000000
0.200000 1.000000 0.600000 0.000000
0.400000 1.000000 0.600000 0.000000
0.000000 0.000000 0.800000 0.000000
0.200000 0.000000 0.800000 0.000000
0.400000 0.000000 0.800000 0.000000
0.000000 0.200000 0.800000 0.000000
0.200000 0.200000 0.800000 0.036077
0.400000 0.200000 0.800000 0.058374
0.000000 0.400000 0.800000 0.000000
0.200000 0.400000 0.800000 0.058374
0.400000 0.400000 0.800000 0.094450
0.000000 0.600000 0.800000 0.000000
0.200000 0.600000 0.800000 0.058374
0.400000 0.600000 0.800000 0.094450
0.000000 0.800000 0.800000 0.000000
0.200000 0.800000 0.800000 0.036077
0.400000 0.800000 0.800000 0.058374
0.000000 1.000000 0.800000 0.000000
0.200000 1.000000 0.800000 0.000000
0.400000 1.000000 0.800000 0.000000
0.000000 0.000000 1.000000 0.000000
0.200000 0.000000 1.000000 -1462544166598220948026126747396516372529286886167379491805815700319161986155643197107020784633668079491505697338030559330304.000000
0.400000 0.000000 1.000000 5128859976495113448483063101679307498380277448489570986467255034189611795971192571737092047174052360275221836169730851547830528407099437301148437389982564352.000000
0.000000 0.200000 1.000000 0.000000
0.200000 0.200000 1.000000 0.000000
0.400000 0.200000 1.000000 0.000000
0.000000 0.400000 1.000000 0.000000
0.200000 0.400000 1.000000 0.000000
0.400000 0.400000 1.000000 0.000000
0.000000 0.600000 1.000000 0.000000
0.200000 0.600000 1.000000 0.000000
0.400000 0.600000 1.000000 0.000000
0.000000 0.800000 1.000000 0.000000
0.200000 0.800000 1.000000 0.000000
0.400000 0.800000 1.000000 0.000000
0.000000 1.000000 1.000000 0.000000
0.200000 1.000000 1.000000 -2193816249897331128471367274365621072608855730583940815748404936938759140822093354134403037624446686274883747910957960003584.000000
0.400000 1.000000 1.000000 7693289964742668648433310318538379518274893812789871250893195703153972938509054665529593725172396841044618367783907234437502080986321570283765781432490786816.000000
