0.400000 0.000000 0.000000 0.000000
0.600000 0.000000 0.000000 0.000000
0.800000 0.000000 0.000000 0.000000
0.400000 0.200000 0.000000 0.000000
0.600000 0.200000 0.000000 0.000000
0.800000 0.200000 0.000000 0.000000
0.400000 0.400000 0.000000 0.000000
0.600000 0.400000 0.000000 0.000000
0.800000 0.400000 0.000000 0.000000
0.400000 0.600000 0.000000 0.000000
0.600000 0.600000 0.000000 0.000000
0.800000 0.600000 0.000000 0.000000
0.400000 0.800000 0.000000 0.000000
0.600000 0.800000 0.000000 0.000000
0.800000 0.800000 0.000000 0.000000
0.400000 1.000000 0.000000 0.000000
0.600000 1.000000 0.000000 0.000000
0.800000 1.000000 0.000000 0.000000
0.400000 0.000000 0.200000 0.000000
0.600000 0.000000 0.200000 0.000000
0.800000 0.000000 0.200000 0.000000
0.400000 0.200000 0.200000 0.058374
0.600000 0.200000 0.200000 0.058374
0.800000 0.200000 0.200000 0.036077
0.400000 0.400000 0.200000 0.094450
0.600000 0.400000 0.200000 0.094450
0.800000 0.400000 0.200000 0.058374
0.400000 0.600000 0.200000 0.094450
0.600000 0.600000 0.200000 0.094450
0.800000 0.600000 0.200000 0.058374
0.400000 0.800000 0.200000 0.058374
0.600000 0.800000 0.200000 0.058374
0.800000 0.800000 0.200000 0.036077
0.400000 1.000000 0.200000 0.000000
0.600000 1.000000 0.200000 0.000000
0.800000 1.000000 0.200000 0.000000
0.400000 0.000000 0.400000 0.000000
0.600000 0.000000 0.400000 0.000000
0.800000 0.000000 0.400000 0.000000
0.400000 0.200000 0.400000 0.094450
0.600000 0.200000 0.400000 0.094450
0.800000 0.200000 0.400000 0.058374
0.400000 0.400000 0.400000 0.152824
0.600000 0.400000 0.400000 0.152824
0.800000 0.400000 0.400000 0.094450
0.400000 0.600000 0.400000 0.152824
0.600000 0.600000 0.400000 0.152824
0.800000 0.600000 0.400000 0.094450
0.400000 0.800000 0.400000 0.094450
0.600000 0.800000 0.400000 0.094450
0.800000 0.800000 0.400000 0.058374
0.400000 1.000000 0.400000 0.000000
0.600000 1.000000 0.400000 0.000000
0.800000 1.000000 0.400000 0.000000
0.400000 0.000000 0.600000 0.000000
0.600000 0.000000 0.600000 0.000000
0.800000 0.000000 0.600000 0.000000
0.400000 0.200000 0.600000 0.094450
0.600000 0.200000 0.600000 0.094450
0.800000 0.200000 0.600000 0.058374
0.400000 0.400000 0.600000 0.152824
0.600000 0.400000 0.600000 0.152824
0.800000 0.400000 0.600000 0.094450
0.400000 0.600000 0.600000 0.152824
0.600000 0.600000 0.600000 0.152824
0.800000 0.600000 0.600000 0.094450
0.400000 0.800000 0.600000 0.094450
0.600000 0.800000 0.600000 0.094450
0.800000 0.800000 0.600000 0.058374
0.400000 1.000000 0.600000 0.000000
0.600000 1.000000 0.600000 0.000000
0.800000 1.000000 0.600000 0.000000
0.400000 0.000000 0.800000 0.000000
0.600000 0.000000 0.800000 0.000000
0.800000 0.000000 0.800000 0.000000
0.400000 0.200000 0.800000 0.058374
0.600000 0.200000 0.800000 0.058374
0.800000 0.200000 0.800000 0.036077
0.400000 0.400000 0.800000 0.094450
0.600000 0.400000 0.800000 0.094450
0.800000 0.400000 0.800000 0.058374
0.400000 0.600000 0.800000 0.094450
0.600000 0.600000 0.800000 0.094450
0.800000 0.600000 0.800000 0.058374
0.400000 0.800000 0.800000 0.058374
0.600000 0.800000 0.800000 0.058374
0.800000 0.800000 0.800000 0.036077
0.400000 1.000000 0.800000 0.000000
0.600000 1.000000 0.800000 0.000000
0.800000 1.000000 0.800000 0.000000
0.400000 0.000000 1.000000 5128859976495113448483063101679307498380277448489570986467255034189611795971192571737092047174052360275221836169730851547830528407099437301148437389982564352.000000
0.600000 0.000000 1.000000 -0.000000
0.800000 0.000000 1.000000 422664584774592640792404265829146342700173068678088953135666309088314476955006712322836971368701592337473366536907349032960.000000
0.400000 0.200000 1.000000 0.000000
0.600000 0.200000 1.000000 0.000000
0.800000 0.200000 1.000000 0.000000
0.400000 0.400000 1.000000 0.000000
0.600000 0.400000 1.000000 0.000000
0.800000 0.400000 1.000000 0.000000
0.400000 0.600000 1.000000 0.000000
0.600000 0.600000 1.000000 0.000000
0.800000 0.600000 1.000000 0.000000
0.400000 0.800000 1.000000 0.000000
0.600000 0.800000 1.000000 0.000000
0.800000 0.800000 1.000000 0.000000
0.400000 1.000000 1.000000 7693289964742668648433310318538379518274893812789871250893195703153972938509054665529593725172396841044618367783907234437502080986321570283765781432490786816.000000
0.600000 1.000000 1.000000 0.000000
0.800000 1.000000 1.000000 633996877161888997884584254584863699823393927850524482448539290324969695233931498675021474468809317626506899567372008423424.000000
